sem 0 1 65.74086857216527
e 0 1 0
e 1 2 2.1441430120060496
e 1 3 3.9925840239694157
e 1 4 1.458155301559051
e 1 5 0.9440685820243067
e 1 6 1.6712827977223177
e 1 7 4.440797297410218
e 1 8 3.9984708515581406
e 1 9 1.127132618135409
e 1 10 3.429723830844669
e 1 11 3.8769750363584823
e 1 12 3.518899474217387
e 1 13 0.22908023218851714
e 1 14 1.3154942612362812
e 1 15 2.363938375385439
e 1 16 2.2474858977212135
e 1 17 1.9879590054718566
e 1 18 4.963535332248118
e 1 19 2.7948367332128257
e 1 20 4.94836443345659
e 1 21 0.398135459937235
e 1 22 3.1492141206143502
e 1 23 3.704427215520101
e 1 24 1.5705181266526798
e 1 25 4.00328173482776
e 1 26 4.72738387915472
e 1 27 3.8028907722813283
e 1 28 3.393963976980992
e 1 29 4.4388586034758255
e 1 30 1.3816507740857786
e 1 31 4.81053793939986
e 1 32 4.1420542382823164
e 1 33 4.8313215613766705
e 1 34 4.080305741701949
e 1 35 4.6963491876053505
e 1 36 0.5478584839774298
e 1 37 0.9437636169590929
e 1 38 4.289156144529024
e 1 39 4.3925571522670515
e 1 40 3.730497323925323
e 1 41 2.2617455363723247
e 1 42 3.9248522229035183
e 1 43 4.248765302834051
e 1 44 0.8254715539663421
e 1 45 0.3574576681756919
e 1 46 1.5569000536769961
e 1 47 3.3774084193695746
e 1 48 1.0673946023193037
e 1 49 2.3730027575528947
e 2 0 1.7412418379948635
e 2 3 3.8059963121679337
e 2 10 3.389960122624807
e 2 12 3.7688742793363432
e 2 18 1.8919754389951315
e 2 19 0.435783515618548
e 2 22 4.6895153654952635
e 2 23 4.807901212625838
e 2 25 4.241319116833928
e 2 26 1.4088718876822832
e 2 27 2.303100545999457
e 2 28 4.35867457147941
e 2 29 1.9233523346778714
e 2 31 1.0895724960984288
e 2 34 2.650261145610664
e 2 35 0.24358276584353966
e 2 38 2.62998222246636
e 2 40 3.48341618423241
e 2 42 4.6350885048188015
e 2 43 2.6544211503445285
e 2 47 0.45083631161352944
e 2 49 1.324477505126388
e 3 0 0.20075128188213942
e 3 22 2.4872212453642013
e 4 0 4.1077647269979884
e 4 6 2.9837893123833497
e 4 8 3.981651597009007
e 4 9 1.4111655012972553
e 4 10 2.670557680047355
e 4 11 1.8986281357090946
e 4 12 0.7326060024909087
e 4 16 3.823501125373754
e 4 18 0.91531828115616
e 4 19 0.09789418686225959
e 4 22 0.9754225487106255
e 4 23 3.6639638963090393
e 4 25 3.0464508975687177
e 4 26 4.837629166654077
e 4 27 0.2566181528891198
e 4 28 2.1445270096450866
e 4 29 3.785677181038787
e 4 31 0.4190008289547259
e 4 32 2.1606326540540763
e 4 34 2.5397146591648747
e 4 35 4.960329981956977
e 4 37 4.734438519335827
e 4 38 3.2535913278230493
e 4 39 0.11712259750959686
e 4 40 1.9069028108550545
e 4 42 0.8784780999204755
e 4 43 2.2367307830288228
e 4 44 0.08509074050090049
e 4 47 3.837815935125548
e 4 49 1.365335077230686
e 4 2 2.2923526194426778
e 4 3 1.722192276265676
e 5 0 3.3062028324052823
e 5 6 4.635622810241448
e 5 7 0.12061765207111552
e 5 8 3.9315760392988626
e 5 9 2.874305679777156
e 5 10 1.7905305130256843
e 5 11 4.737522426676301
e 5 12 2.4834867853137323
e 5 14 2.736339570367248
e 5 15 2.4643939281453116
e 5 16 1.3521969440149677
e 5 17 0.3348223568296904
e 5 18 2.2343472743314603
e 5 19 1.6346556527107254
e 5 20 4.265826295711613
e 5 22 4.399635478316626
e 5 23 3.826759222112444
e 5 24 1.0875938626257742
e 5 25 3.815915510917959
e 5 26 1.4309752890258054
e 5 27 4.934135623244147
e 5 28 0.7045274655407996
e 5 29 1.8144806316388977
e 5 30 2.1986124150586543
e 5 31 2.079887952628237
e 5 32 1.7989931674833148
e 5 33 4.514622773845083
e 5 34 0.3934891052739703
e 5 35 4.275006638429094
e 5 36 0.4301513614612934
e 5 37 2.5927288481386705
e 5 38 4.799491438812662
e 5 39 0.5981707385055546
e 5 40 0.5885488400748667
e 5 41 0.3792010132083218
e 5 42 3.647794828931528
e 5 43 1.9104219965734093
e 5 44 1.4650654783960522
e 5 46 4.691670979356395
e 5 47 3.2944361108543547
e 5 48 0.40067140963932657
e 5 49 3.977851024870316
e 5 2 4.150847461658281
e 5 3 2.1599573619020394
e 5 4 3.0286292704626283
e 6 0 2.866399586285256
e 6 10 2.8571301788278665
e 6 12 1.5691600947104116
e 6 18 0.6052538871118301
e 6 19 3.5687511603106623
e 6 22 2.9309056694619025
e 6 23 4.294486450948915
e 6 25 4.044519464082318
e 6 26 2.8463288849756365
e 6 27 4.319756652437311
e 6 28 1.5048238716301325
e 6 29 2.8728205536423617
e 6 31 2.622669609732557
e 6 34 3.1564194801505647
e 6 35 1.4394346539301712
e 6 38 0.9159834372587417
e 6 40 0.43447137099737965
e 6 42 1.6897852095421024
e 6 43 1.976603069638367
e 6 47 0.9607991457951431
e 6 49 0.8640598866523047
e 6 2 2.6279195434267697
e 6 3 0.1584857653678462
e 7 0 2.847555151529222
e 7 8 3.447442952004049
e 7 9 3.1052378825560205
e 7 10 1.259319263209811
e 7 11 0.6225097343715458
e 7 12 3.5412576228201864
e 7 15 4.507776877533959
e 7 16 4.249009498101255
e 7 18 2.119286208349612
e 7 19 0.8174324456207821
e 7 22 4.154452015138496
e 7 23 4.901008293608326
e 7 25 2.3080437400006923
e 7 26 4.886412974676126
e 7 27 2.2379586656031503
e 7 28 3.591672284446827
e 7 29 1.9666243882403733
e 7 31 2.5915853564675717
e 7 32 2.9337578943011122
e 7 33 4.224487409247109
e 7 34 1.3767003155951314
e 7 35 1.532768463094215
e 7 37 2.2034929458925108
e 7 38 2.9672795623246087
e 7 39 3.2494892628004353
e 7 40 1.072963963075586
e 7 41 2.577103994383059
e 7 42 0.05618321861893649
e 7 43 4.480605483743126
e 7 44 1.5415936564976023
e 7 47 4.870485055658103
e 7 49 3.9722272758715245
e 7 2 1.7959632809710975
e 7 3 3.5450882192558257
e 7 4 1.9581843713828713
e 7 6 3.358942510936886
e 8 0 2.6998795036464744
e 8 9 3.856696383117795
e 8 10 3.6161644089443894
e 8 12 2.611461207290348
e 8 18 2.77845685381054
e 8 19 4.599002641370205
e 8 22 3.261270264067325
e 8 23 3.1801541121994106
e 8 25 1.006654625731539
e 8 26 3.704730019433073
e 8 27 4.860431837926456
e 8 28 1.9755126042873106
e 8 29 1.453934723869033
e 8 31 1.7389852020870977
e 8 34 0.848023180442381
e 8 35 0.8811273079221504
e 8 38 0.9300279325454108
e 8 40 4.613631581013116
e 8 42 3.092130169665859
e 8 43 1.8017432206793509
e 8 47 1.3674074079193992
e 8 49 2.543790056167905
e 8 2 1.859947643112891
e 8 3 4.151871668876564
e 8 6 0.4004620665022124
e 9 0 1.448302958816704
e 9 10 1.833643011691386
e 9 12 3.9716907744672887
e 9 18 1.6889022570028167
e 9 19 1.186148447864996
e 9 22 4.779688268289311
e 9 23 0.9292457048607206
e 9 25 1.0443523742444538
e 9 26 0.11552692646446316
e 9 27 4.574858703021996
e 9 28 2.950553240063609
e 9 29 1.766171918408756
e 9 31 1.9438649134951076
e 9 34 4.378718151779254
e 9 35 0.9524498253566871
e 9 38 4.8029349034949025
e 9 40 2.2010312133188843
e 9 42 2.9432188941738735
e 9 43 0.9325750086453971
e 9 47 2.4387324953957097
e 9 49 1.0742158524186713
e 9 2 0.9464986072957482
e 9 3 0.10789471605937295
e 9 6 0.557414028022139
e 10 0 3.557196049348646
e 10 18 0.0068513959414806536
e 10 19 4.462399287704002
e 10 22 1.094318646229776
e 10 23 0.6596887124796813
e 10 47 1.2676344144678209
e 10 3 0.15609855942468331
e 11 0 4.03905584541815
e 11 12 3.36979988965136
e 11 16 0.45854398407685404
e 11 18 0.633133216887854
e 11 19 1.1341956963434763
e 11 22 2.5207332006473484
e 11 23 1.6676923906649654
e 11 25 3.0417989026330043
e 11 26 2.255301553529807
e 11 27 4.30366988192621
e 11 28 2.1325229194413264
e 11 29 2.253535632573837
e 11 31 1.4546993107282629
e 11 32 1.875409434225645
e 11 34 1.0698256805090272
e 11 35 4.101371498650761
e 11 37 2.2703029543163082
e 11 38 3.1913326651805423
e 11 39 0.5669409777241191
e 11 40 0.3063583165911582
e 11 42 2.893981301436565
e 11 43 3.287479043300872
e 11 44 4.181588067338675
e 11 47 2.5063120519695614
e 11 49 2.6066105676585876
e 11 2 0.8934422090587008
e 11 3 1.3034570879893463
e 11 6 4.972897681038982
e 11 8 2.414359146195055
e 11 9 1.6999082157541041
e 11 10 3.119656748672664
e 12 0 3.633606638633113
e 12 18 2.5218769164638917
e 12 19 2.690110414554596
e 12 22 0.837580074233516
e 12 23 4.086077822938538
e 12 25 1.5578906455232666
e 12 26 1.777535289745863
e 12 40 2.4508453499365537
e 12 47 4.70894109721615
e 12 3 2.8418729388518935
e 12 10 4.748943835628148
e 13 0 1.9845094681493585
e 13 14 2.95379783273214
e 13 15 1.255389800529358
e 13 16 2.965132104649768
e 13 17 0.6804513407273133
e 13 18 2.317327083308895
e 13 19 1.1459084610684767
e 13 20 0.4727566155420859
e 13 21 0.05696916691560805
e 13 22 2.79866813181651
e 13 23 2.6100130232826126
e 13 24 4.799616053924424
e 13 25 3.6225827339852916
e 13 26 2.6228653590143534
e 13 27 0.30079415439838164
e 13 28 1.8807298399724381
e 13 29 4.207070209412601
e 13 30 4.479558385687178
e 13 31 3.462213033600887
e 13 32 4.341993630258576
e 13 33 1.1884340855437086
e 13 34 2.858734182230458
e 13 35 1.9051501803029114
e 13 36 2.170199326924156
e 13 37 1.4335788057061494
e 13 38 3.0482393661523055
e 13 39 4.089851459941815
e 13 40 1.5338251636454188
e 13 41 2.108477151929231
e 13 42 3.5538840152186597
e 13 43 0.6360581676514182
e 13 44 1.0617276567107359
e 13 45 1.0677112565147877
e 13 46 4.7878671797469545
e 13 47 2.935700833031887
e 13 48 4.77432341804308
e 13 49 3.2588905232896312
e 13 2 2.4332523774825314
e 13 3 3.7941973263737117
e 13 4 0.9725371780628161
e 13 5 3.3382780739702502
e 13 6 1.4517655088737298
e 13 7 4.2028960499963235
e 13 8 4.361119852633795
e 13 9 0.38274955386535303
e 13 10 1.2208078051227145
e 13 11 1.675513660991141
e 13 12 3.437355131277426
e 14 0 3.5853314494259814
e 14 15 3.306819357787983
e 14 16 3.2603417281095655
e 14 17 4.489077643876405
e 14 18 2.3634545971337655
e 14 19 1.4237467877043974
e 14 20 3.694026215197151
e 14 22 2.1485226772208104
e 14 23 2.225634146473698
e 14 24 2.5553544252340337
e 14 25 0.8182791997725586
e 14 26 4.643332557524921
e 14 27 4.4946829305988425
e 14 28 0.9533807451033516
e 14 29 0.914741651368362
e 14 30 1.947092411614912
e 14 31 1.8459369651052915
e 14 32 3.689172613968847
e 14 33 0.05017388464543304
e 14 34 4.056699307071215
e 14 35 1.828887514652987
e 14 37 0.955607227137773
e 14 38 3.2610552689759436
e 14 39 2.5660334258301942
e 14 40 0.9471017913002866
e 14 41 0.1544726936902463
e 14 42 4.241972638396525
e 14 43 4.750851203598688
e 14 44 2.0029230254228225
e 14 46 2.833324143858435
e 14 47 1.9172535514127027
e 14 49 1.3972795030462875
e 14 2 3.192889680845803
e 14 3 2.9154643330142482
e 14 4 2.3653859282810386
e 14 6 3.1981191140609604
e 14 7 2.858550313056542
e 14 8 3.0221033556406307
e 14 9 1.655410484407747
e 14 10 4.9295836891861615
e 14 11 0.7194603864960575
e 14 12 4.75842917639404
e 15 0 3.264041474352406
e 15 16 1.4964763983821339
e 15 18 4.005613389407346
e 15 19 3.4474235724963775
e 15 22 3.8861313824888137
e 15 23 1.924682169849209
e 15 25 3.6794013450197967
e 15 26 3.3191572541189074
e 15 27 3.1865668986286817
e 15 28 0.9441561365308976
e 15 29 3.5096683184118085
e 15 31 4.9556097400199155
e 15 32 4.9764343594860945
e 15 34 2.425396485919885
e 15 35 4.938626061179315
e 15 37 3.6817255394959814
e 15 38 1.9976619293672644
e 15 39 0.01281678222747773
e 15 40 4.772820953945198
e 15 42 4.788552141268153
e 15 43 1.861861989806547
e 15 44 1.7587191046722945
e 15 47 4.35028392754421
e 15 49 3.3793788915214087
e 15 2 0.13988882027498206
e 15 3 4.729656835596444
e 15 4 2.956195897993595
e 15 6 1.6910169964046644
e 15 8 1.50022207212759
e 15 9 0.9804714356995181
e 15 10 1.5301585290111064
e 15 11 1.5524023125607083
e 15 12 3.6651814742337603
e 16 0 1.5738276166040417
e 16 18 2.0983229543129385
e 16 19 2.4772279305974783
e 16 22 4.714346757513777
e 16 23 4.115985453348134
e 16 25 1.8312021670086065
e 16 26 4.293934472578911
e 16 27 3.217501836396469
e 16 28 0.3834318689171168
e 16 29 3.290926021186017
e 16 31 1.7910330981528793
e 16 32 2.5635155954099123
e 16 34 3.0038790089129286
e 16 35 2.044376699905385
e 16 37 4.01081915860788
e 16 38 2.6866453428246144
e 16 39 0.46509838657482705
e 16 40 0.3740082359908098
e 16 42 0.6775404892922549
e 16 43 4.48786676948313
e 16 44 1.6832720365602678
e 16 47 2.9623583369920006
e 16 49 0.8705155146285876
e 16 2 0.8507592227206523
e 16 3 3.479178333606656
e 16 6 1.5412939757519877
e 16 8 1.6575788067729258
e 16 9 1.867181668786545
e 16 10 2.6324448730087835
e 16 12 1.1705308732538473
e 17 0 3.8494787216294912
e 17 18 4.70190438463751
e 17 19 4.277230646478713
e 17 22 1.288141550902409
e 17 23 3.2500797079872417
e 17 25 3.6514628447802604
e 17 26 4.310858247941242
e 17 27 1.5124238684435887
e 17 28 3.4072410942394256
e 17 29 1.8424273233922932
e 17 31 3.706264554726941
e 17 32 3.292344399442786
e 17 33 1.341241982778486
e 17 34 4.71665877988819
e 17 35 2.373603989174585
e 17 37 1.5446977734743106
e 17 38 2.562975642057295
e 17 39 4.188897949088407
e 17 40 2.302018436156776
e 17 41 4.482111849512935
e 17 42 2.1317786242255963
e 17 43 3.6910890985131877
e 17 44 0.7521344588951046
e 17 47 1.5931980837635584
e 17 49 4.959172386435165
e 17 2 1.2927272834960046
e 17 3 0.46548047901125933
e 17 4 0.5922641538244983
e 17 6 4.1045243978401285
e 17 7 0.6092476563745042
e 17 8 0.2160863966609311
e 17 9 4.886291302657215
e 17 10 3.07252637726819
e 17 11 4.990054386023223
e 17 12 0.8177785850918351
e 17 15 2.5481949983095693
e 17 16 3.9439552982247115
e 18 0 0.7671119528436049
e 18 19 2.890033663413336
e 18 22 1.3626167252868453
e 18 23 1.9914160410708037
e 18 3 1.9272913123258462
e 19 0 1.5673851884193928
e 19 22 2.934134173018837
e 19 23 2.7067453516795528
e 19 3 0.042740543016056565
e 20 0 4.269759481034481
e 20 22 1.6617521857083588
e 20 23 3.596838560213513
e 20 24 4.679765145743699
e 20 25 4.404953881195384
e 20 26 2.914418619856858
e 20 27 0.6336693121154363
e 20 28 2.3669734748391447
e 20 29 1.7265281563285095
e 20 30 0.012306681384899876
e 20 31 3.5866351433808545
e 20 32 3.052275745103909
e 20 33 2.1085403495901893
e 20 34 0.25418193771297004
e 20 35 2.443840437413531
e 20 37 1.5819167494264186
e 20 38 3.4570476040599902
e 20 39 4.849004897238379
e 20 40 3.0353778742771187
e 20 41 3.3278892877151
e 20 42 2.100216833064703
e 20 43 2.80061851967959
e 20 44 1.3950986703751171
e 20 47 4.713382581464679
e 20 49 3.0506118160840274
e 20 2 1.945811495305842
e 20 3 0.6480570932604746
e 20 4 2.3615964389124584
e 20 6 4.7870294865282785
e 20 7 0.1251444966690346
e 20 8 2.770920568080068
e 20 9 1.3205041374410564
e 20 10 1.3154478172147044
e 20 11 0.07114690278095914
e 20 12 2.623149491092427
e 20 15 0.08285709982152889
e 20 16 3.4328655209204975
e 20 17 0.7756925436546147
e 20 18 2.8561147371822218
e 20 19 1.7899023757121568
e 21 0 0.41184105696663864
e 21 22 1.450844215927124
e 21 23 1.8874469138253347
e 21 24 1.752628069159437
e 21 25 1.88760515289718
e 21 26 3.7780114965961964
e 21 27 4.537194160166883
e 21 28 2.7231087531247935
e 21 29 2.9668225138029847
e 21 30 2.768575620290714
e 21 31 2.0087713949112436
e 21 32 3.88746085150691
e 21 33 3.9714342877882274
e 21 34 3.1575242321154033
e 21 35 4.011204052092994
e 21 36 4.672188211927197
e 21 37 4.270498237036992
e 21 38 0.91351286163327
e 21 39 3.2294825404728384
e 21 40 0.9355207106194119
e 21 41 1.200440072524045
e 21 42 1.3123238337524774
e 21 43 0.48301774024195276
e 21 44 0.4719381153782781
e 21 46 3.7036680062316436
e 21 47 0.3747671395888247
e 21 48 1.7396915426196018
e 21 49 2.6638451686618088
e 21 2 4.125175966937357
e 21 3 2.723599900263229
e 21 4 4.52202188632245
e 21 5 1.7908260762930317
e 21 6 4.475326001721043
e 21 7 0.106599084533891
e 21 8 0.38174427284842993
e 21 9 2.8994465959880134
e 21 10 4.766026002017318
e 21 11 1.4073167336606125
e 21 12 0.9797785580525964
e 21 14 0.13026922277423192
e 21 15 1.2703970856580904
e 21 16 3.9118421136294677
e 21 17 3.656817708434441
e 21 18 2.555416417773766
e 21 19 0.5117723319011008
e 21 20 3.275372323025879
e 22 0 0.12410923017530717
e 23 0 1.5378890638893998
e 23 3 0.09381639315985124
e 23 22 1.3642583902128176
e 24 0 3.109305664473153
e 24 25 3.4380560065014967
e 24 26 3.13846320490446
e 24 27 2.4516029891800413
e 24 28 4.9776014875660115
e 24 29 2.495677919815246
e 24 31 0.6319503750768951
e 24 32 3.7469674206133696
e 24 33 0.30612759373053355
e 24 34 0.31000974447967566
e 24 35 1.1012929846786523
e 24 37 4.45520554540375
e 24 38 3.0814829452906456
e 24 39 0.1867037932872706
e 24 40 2.0416068358376753
e 24 41 3.2064790464535715
e 24 42 0.4727810335669358
e 24 43 2.9059562808192414
e 24 44 3.1244267072164367
e 24 47 1.061674648652573
e 24 49 3.9482981710771954
e 24 2 4.496358641420895
e 24 3 1.9013522351733236
e 24 4 4.4329420235995585
e 24 6 3.077858374025028
e 24 7 1.591388768536985
e 24 8 0.8189408207078414
e 24 9 3.963130623354471
e 24 10 3.4149213341145215
e 24 11 3.9202665010659694
e 24 12 3.5270681888673834
e 24 15 2.9444675041981054
e 24 16 0.409483878365271
e 24 17 2.7810065174195624
e 24 18 1.1263532709027768
e 24 19 0.6665038466321638
e 24 22 3.3427082721981387
e 24 23 4.326992408989468
e 25 0 2.05897111603146
e 25 26 3.7675615670702465
e 25 47 2.83611558279151
e 25 3 3.562104129728938
e 25 10 0.8291777415594026
e 25 18 2.3720291433989544
e 25 19 1.227918018402655
e 25 22 4.693757514240609
e 25 23 1.0904690694692765
e 26 0 3.388292456159523
e 26 47 0.039913602516447044
e 26 3 0.92217152101845
e 26 10 4.79154532163116
e 26 18 0.060556304039326436
e 26 19 4.79588587587069
e 26 22 0.7670564347738829
e 26 23 2.941060792802659
e 27 0 4.001119443782899
e 27 28 3.4379013060760144
e 27 29 3.921376579473673
e 27 31 0.8265528383145293
e 27 34 4.162337399068794
e 27 38 2.3670793196201148
e 27 40 0.9074044108407697
e 27 43 0.24199373733090113
e 27 47 1.3126095233207802
e 27 49 4.4345705692021395
e 27 3 4.863050594625054
e 27 10 0.6273713639635803
e 27 12 3.9309940713812703
e 27 18 0.038460929403087984
e 27 19 0.7815456094408374
e 27 22 3.36014738547797
e 27 23 2.1946992238888035
e 27 25 4.661742997344438
e 27 26 2.197042270118123
e 28 0 1.8034143254199675
e 28 29 1.589089808607607
e 28 31 2.500470155786944
e 28 34 0.7246381354879683
e 28 38 3.844381094329014
e 28 40 3.4539290832315963
e 28 43 0.3766205426043806
e 28 47 1.3855381409039618
e 28 49 3.016854415327039
e 28 3 2.7354048924802212
e 28 10 4.939145550591708
e 28 12 4.377238765467266
e 28 18 0.2790381748905557
e 28 19 2.2275990426266845
e 28 22 2.1210101052086787
e 28 23 0.1551939015963455
e 28 25 1.6924961968844365
e 28 26 3.2349969347295895
e 29 0 3.837321310242954
e 29 31 1.5642432985248
e 29 34 1.1084247072414781
e 29 38 4.732715225410896
e 29 40 2.4296966813572634
e 29 43 4.376938249911045
e 29 47 4.174933016200705
e 29 49 2.632509115702342
e 29 3 0.7770636418993809
e 29 10 4.875972305790065
e 29 12 2.883166211097363
e 29 18 1.568519873335244
e 29 19 1.1198737707480295
e 29 22 2.1616227607149847
e 29 23 3.414105977375845
e 29 25 1.1233426729559155
e 29 26 2.076622904214267
e 30 0 1.75969211307138
e 30 31 2.872183657501757
e 30 32 1.0315920559623049
e 30 33 2.462818344800668
e 30 34 4.765474242401736
e 30 35 1.2543174386081934
e 30 37 2.859618849092918
e 30 38 1.5329210272840537
e 30 39 2.9711773031053323
e 30 40 4.298657552654613
e 30 41 3.320620444397389
e 30 42 1.0902039986329575
e 30 43 3.7472272281511882
e 30 44 4.120370737431663
e 30 47 4.359665518074962
e 30 49 2.9812288158202724
e 30 2 1.2004667186744027
e 30 3 1.5223947779682445
e 30 4 3.440443912261051
e 30 6 3.8291738000878626
e 30 7 4.383126713905056
e 30 8 4.3164603435538575
e 30 9 1.1933081239100196
e 30 10 3.8893781219930346
e 30 11 0.7177630739777502
e 30 12 4.934062912132468
e 30 15 2.4373122842851336
e 30 16 1.622797599734465
e 30 17 1.7610544663495737
e 30 18 4.0709078152313385
e 30 19 1.6446547918378114
e 30 22 3.509892976998077
e 30 23 2.353531817373618
e 30 24 2.7897422813178063
e 30 25 4.838088849886471
e 30 26 2.9186005186372372
e 30 27 2.6257453398688337
e 30 28 0.04022605642525989
e 30 29 4.855534035454222
e 31 0 2.7293712177922003
e 31 34 0.7029603368950499
e 31 38 2.022017298626832
e 31 40 1.8555332612089455
e 31 43 0.6874094889803073
e 31 47 0.6052721351941376
e 31 49 4.02782786682492
e 31 3 4.8331836568541995
e 31 10 2.3385849611945857
e 31 12 4.978669105685706
e 31 18 4.947173504442286
e 31 19 2.9661281257167693
e 31 22 4.830486937426758
e 31 23 4.619156570765134
e 31 25 4.16226085656986
e 31 26 3.081114593117989
e 32 0 1.2573888644799984
e 32 34 4.833236102169403
e 32 35 3.161574788761131
e 32 37 0.18254126862365438
e 32 38 4.886486509051053
e 32 39 0.672032043101134
e 32 40 1.9519137049543533
e 32 42 4.562172862176571
e 32 43 2.7536559081617855
e 32 44 0.3410872097383538
e 32 47 3.98445382376143
e 32 49 0.10345962744806037
e 32 2 1.0535460532399676
e 32 3 1.1572674262287093
e 32 6 1.676698297260465
e 32 8 4.053513921593623
e 32 9 3.4089947886056655
e 32 10 2.8034973466349706
e 32 12 0.8113235136674163
e 32 18 4.9118292029278345
e 32 19 4.437559159061338
e 32 22 2.576538799402803
e 32 23 4.193800696362626
e 32 25 0.9388420064197933
e 32 26 0.16507818797039941
e 32 27 2.1404849226467872
e 32 28 0.3516963147132479
e 32 29 1.7291616134770833
e 32 31 4.590407532065382
e 33 0 3.6552678878248477
e 33 34 1.1716609899275383
e 33 35 1.1266309274327557
e 33 37 0.15463889222153637
e 33 38 1.1679559906333354
e 33 39 3.0677432413151284
e 33 40 0.4927329819992893
e 33 42 3.7560350652482426
e 33 43 2.096284066727454
e 33 44 0.5825223095191062
e 33 47 3.1320103999429403
e 33 49 4.831218169853347
e 33 2 3.65961889533253
e 33 3 3.8440177338636774
e 33 4 0.9884983941751857
e 33 6 1.7272513306383719
e 33 8 1.7707939371097319
e 33 9 4.8438869954044685
e 33 10 4.7852110374516466
e 33 11 1.2487901483647446
e 33 12 3.034098133236011
e 33 15 2.7338739760893267
e 33 16 2.367839504318539
e 33 18 0.4819323102313111
e 33 19 3.712164336355919
e 33 22 3.8389629347806538
e 33 23 1.217029149264219
e 33 25 4.313863213884369
e 33 26 4.8173888269060505
e 33 27 1.447002061044695
e 33 28 1.060875251362046
e 33 29 4.374445512547743
e 33 31 0.5681160572501959
e 33 32 3.676149456356325
e 34 0 4.568017601044044
e 34 38 0.5006310641853412
e 34 40 0.2588623367510018
e 34 43 4.18362789111279
e 34 47 0.9652753518153839
e 34 49 4.449606228461366
e 34 3 0.5615189688181832
e 34 10 2.9334376006839773
e 34 12 1.9297272901766693
e 34 18 1.7955045630559612
e 34 19 0.8043420896102343
e 34 22 0.7900821931648699
e 34 23 1.2778594788938724
e 34 25 4.817843207192279
e 34 26 2.0217181016031045
e 35 0 2.9234988162572977
e 35 38 4.394590911936174
e 35 40 2.845417177833605
e 35 42 4.370057053089474
e 35 43 3.4514808668128127
e 35 47 1.4190867640108866
e 35 49 4.512171430177692
e 35 3 2.068073445857115
e 35 10 2.2282196801388245
e 35 12 4.418021660270609
e 35 18 1.0063653194562465
e 35 19 3.6657776576591408
e 35 22 4.865289672861111
e 35 23 4.461541395949943
e 35 25 4.011392135154039
e 35 26 0.37489685798051453
e 35 27 0.5962838310818414
e 35 28 2.417175107610947
e 35 29 3.966946549505404
e 35 31 2.9053751968483654
e 35 34 4.920426755010237
e 36 0 4.209432427688959
e 36 37 1.495627722567846
e 36 38 4.511073208915562
e 36 39 1.1517183651332696
e 36 40 0.6486105004073978
e 36 41 4.913210986276866
e 36 42 4.804552771409424
e 36 43 0.2653997951994297
e 36 44 4.096807348304587
e 36 46 3.6453725231694323
e 36 47 0.728021249219154
e 36 48 4.96104557106111
e 36 49 0.5816044718967756
e 36 2 2.328895200718317
e 36 3 3.4221680058463373
e 36 4 4.959170893009018
e 36 6 1.9187526797448045
e 36 7 4.499743177990128
e 36 8 2.0149462125404134
e 36 9 1.328088965809201
e 36 10 1.7219857252106023
e 36 11 4.101212529718125
e 36 12 1.4756219209139627
e 36 14 1.4545665542006052
e 36 15 2.8381354927414226
e 36 16 1.4195892586123708
e 36 17 3.723286336652655
e 36 18 4.8389871520772845
e 36 19 4.037522566159269
e 36 20 0.010103071875004477
e 36 22 4.39554054361111
e 36 23 4.652981587649339
e 36 24 1.7917735845481786
e 36 25 1.0459134972121227
e 36 26 1.0052818565923394
e 36 27 0.5027602090513206
e 36 28 0.6966233055310539
e 36 29 0.6478576712415673
e 36 30 3.6314346241224116
e 36 31 2.592380691811907
e 36 32 1.3399963903019585
e 36 33 1.0008055112258751
e 36 34 0.8672066550909746
e 36 35 3.7033768602229316
e 37 0 0.8556372766491388
e 37 38 3.459260858710577
e 37 39 1.55327698268978
e 37 40 3.4651787102312452
e 37 42 1.1819599817702064
e 37 43 3.2185495614466126
e 37 44 4.972260638514781
e 37 47 3.7721203036340425
e 37 49 2.046446912083864
e 37 2 2.936494950015351
e 37 3 1.7368602444755492
e 37 6 1.7392693575636136
e 37 8 1.5968183708240251
e 37 9 4.713664515988997
e 37 10 3.5102343004166148
e 37 12 1.901865874001492
e 37 18 1.282320204171405
e 37 19 3.1060605592623936
e 37 22 2.552730158969212
e 37 23 3.0588362694339484
e 37 25 3.2723325157605405
e 37 26 2.21250976951648
e 37 27 0.36319260602498626
e 37 28 4.956235636691006
e 37 29 0.13169386949873185
e 37 31 0.5273441613285024
e 37 34 1.1107885667012236
e 37 35 0.540319906339326
e 38 0 3.1190837127276456
e 38 40 1.4921955096169865
e 38 43 2.945559181450663
e 38 47 3.5397141487739643
e 38 49 1.775663627357888
e 38 3 2.274767707018768
e 38 10 2.6203573978864925
e 38 12 0.38048425123231255
e 38 18 3.100116900404336
e 38 19 2.883772365347892
e 38 22 3.9477183831597635
e 38 23 4.222851087497711
e 38 25 0.10209268925927828
e 38 26 1.0954816597292676
e 39 0 2.0761551698397653
e 39 40 4.601292261511903
e 39 42 2.7808461027898135
e 39 43 0.23314705962367566
e 39 44 0.1805267151681833
e 39 47 0.6952546092453565
e 39 49 2.291779237855456
e 39 2 1.0229170657436741
e 39 3 1.052416988889429
e 39 6 4.934590689120605
e 39 8 0.24870018714853614
e 39 9 0.04352881489462612
e 39 10 4.852603930207792
e 39 12 1.031174077826602
e 39 18 4.670991822427824
e 39 19 4.0150325422155895
e 39 22 3.6052802840357274
e 39 23 3.1578162413666657
e 39 25 3.2490811743975905
e 39 26 4.966436000842972
e 39 27 4.340580638831489
e 39 28 4.800329956479901
e 39 29 1.9946980693475664
e 39 31 0.7131531612767084
e 39 34 3.440295410193404
e 39 35 2.844620725951418
e 39 38 1.4370036970888478
e 40 0 1.9071472483901664
e 40 47 0.08710109608288885
e 40 3 4.88869179527213
e 40 10 0.2952995323287144
e 40 18 4.034053733447813
e 40 19 1.3899310072342148
e 40 22 4.518652204935669
e 40 23 0.274941488620587
e 40 25 2.185335268523515
e 40 26 4.678851063906814
e 41 0 2.99993676388501
e 41 42 4.334093933618876
e 41 43 2.4720956578851676
e 41 44 4.222858626484552
e 41 47 2.2093197425709254
e 41 49 2.255685688501827
e 41 2 0.31128258586292035
e 41 3 2.3316908273490973
e 41 4 4.733559421482277
e 41 6 2.4587532958888385
e 41 8 2.587820964860838
e 41 9 0.6680409260313808
e 41 10 3.5746847585886314
e 41 11 4.336506854485204
e 41 12 1.2884012189865768
e 41 15 1.3168886433982512
e 41 16 2.287967252499117
e 41 18 3.5932640822740476
e 41 19 0.5782368717461939
e 41 22 2.3355490899807423
e 41 23 4.98798120740108
e 41 25 3.6517390124396214
e 41 26 2.537633088059717
e 41 27 0.5192508351574104
e 41 28 0.6134193983028013
e 41 29 1.8102103809608205
e 41 31 2.8177535460386887
e 41 32 0.3445372220982429
e 41 33 2.8763729012188373
e 41 34 4.644783233112066
e 41 35 3.1606347704105313
e 41 37 0.7231248964843529
e 41 38 1.632270776432267
e 41 39 2.678952884214337
e 41 40 4.785475793763076
e 42 0 2.5216414624152965
e 42 43 3.7140147897339753
e 42 47 0.8104389843989029
e 42 49 2.715834224933882
e 42 3 0.4820222444848965
e 42 10 1.4587983473751365
e 42 12 3.7183033463104915
e 42 18 2.0485366628473853
e 42 19 2.6147621282188376
e 42 22 4.4383709080668075
e 42 23 2.81058154630154
e 42 25 3.7974480041202425
e 42 26 1.638508404113691
e 42 27 3.274039590622784
e 42 28 3.5955761897693046
e 42 29 0.6916601058751459
e 42 31 3.7599303761414027
e 42 34 2.4496129611592155
e 42 38 4.336715033329477
e 42 40 3.1811144639605544
e 43 0 3.191693124653012
e 43 47 2.817827090796024
e 43 49 3.2271737759789323
e 43 3 0.17343397305759067
e 43 10 0.3741100273125747
e 43 12 0.758130756666171
e 43 18 4.217538999606499
e 43 19 1.665129321879511
e 43 22 2.7397972523446064
e 43 23 4.581978815083314
e 43 25 4.439315887797892
e 43 26 0.1649564298777878
e 43 40 1.8643061040622533
e 44 0 2.232206915528501
e 44 47 0.17398654378287248
e 44 49 4.0942976038533985
e 44 2 4.529314512990799
e 44 3 0.06580404075360813
e 44 6 4.387443561872275
e 44 8 4.1370574593542475
e 44 9 0.3311286653034401
e 44 10 4.728430928037897
e 44 12 3.4099690206570905
e 44 18 0.2666538119553291
e 44 19 4.868836368616455
e 44 22 1.566019570258152
e 44 23 1.5396606974370202
e 44 25 3.051494512220147
e 44 26 4.278507201284911
e 44 27 0.522864629768009
e 44 28 3.993693024350539
e 44 29 1.5083928110575546
e 44 31 0.92308284619598
e 44 34 0.2574094693539669
e 44 35 2.1354172807097753
e 44 38 4.436709406165386
e 44 40 1.98039317314511
e 44 42 2.7898293959790688
e 44 43 4.511059539548226
e 45 0 1.1321042724300245
e 45 46 1.6788986013413427
e 45 47 3.3937098580676
e 45 48 1.8436367908444047
e 45 49 4.834430594411438
e 45 2 4.0231198403514
e 45 3 3.1318379244211725
e 45 4 1.6700247724270683
e 45 5 3.7600219225641984
e 45 6 1.1219757807851471
e 45 7 3.773911465740892
e 45 8 0.48628024144106996
e 45 9 4.552987808128223
e 45 10 0.4043216530009158
e 45 11 4.487543728495485
e 45 12 3.5350797438655492
e 45 14 1.3704378508924242
e 45 15 1.6775963309153812
e 45 16 0.248166219205736
e 45 17 1.4321759640128855
e 45 18 4.549974645661546
e 45 19 3.9567872229519185
e 45 20 0.18608179988321816
e 45 21 3.1534040580600853
e 45 22 4.656084126957766
e 45 23 0.29673931369219086
e 45 24 2.4505250707516453
e 45 25 3.1822695563981696
e 45 26 4.508885667884297
e 45 27 4.9947763688766695
e 45 28 4.109997484966853
e 45 29 3.728639096639841
e 45 30 4.7745624200580385
e 45 31 2.991624390905892
e 45 32 0.04038821042626983
e 45 33 2.9984486080691
e 45 34 3.7375228870653987
e 45 35 0.7180171188583606
e 45 36 2.1666218645535156
e 45 37 1.507313378701935
e 45 38 2.1921980261431813
e 45 39 0.5463057278849598
e 45 40 3.236931224028276
e 45 41 2.0656894696081523
e 45 42 0.9264836314128189
e 45 43 3.3523632418439018
e 45 44 3.7285620574948046
e 46 0 4.510159201971209
e 46 47 2.8343023435398287
e 46 49 1.4155204315088188
e 46 2 3.532127836308734
e 46 3 2.911093176801468
e 46 4 1.9294710985850827
e 46 6 1.0564616134042408
e 46 7 2.4480021256628666
e 46 8 4.01241285035404
e 46 9 3.4556115586838527
e 46 10 3.810666672014709
e 46 11 2.2730054231456744
e 46 12 1.2601562071145367
e 46 15 3.892159665240987
e 46 16 2.414404036117248
e 46 17 2.631300735631536
e 46 18 0.5230674874087815
e 46 19 0.44844126399049056
e 46 20 0.5393314367161972
e 46 22 3.2060347910065374
e 46 23 3.064237447893024
e 46 24 3.57430848083868
e 46 25 1.8745826871611393
e 46 26 3.355239624636059
e 46 27 1.7594590527015979
e 46 28 1.701445794922138
e 46 29 2.3051498188868202
e 46 30 2.6554988775017256
e 46 31 2.8364845595962684
e 46 32 3.6676715912409277
e 46 33 1.1494022834370743
e 46 34 0.45022428349578425
e 46 35 1.852120266367142
e 46 37 0.211160226299969
e 46 38 4.517195564232469
e 46 39 1.7835114758565958
e 46 40 3.1097702845765496
e 46 41 3.7996537935383845
e 46 42 4.341225527701243
e 46 43 3.745958092930575
e 46 44 2.922291051495192
e 47 0 0.8760641744372422
e 47 3 4.496514274249128
e 47 18 2.6535975908913754
e 47 19 0.5844793059940873
e 47 22 3.790611283804599
e 47 23 1.546262564190573
e 48 0 4.698153401942553
e 48 49 4.133428531964504
e 48 2 1.0441030483588682
e 48 3 2.4077976838403514
e 48 4 0.2917471410178363
e 48 6 3.082453639970362
e 48 7 0.9927300991783006
e 48 8 3.431553137682103
e 48 9 1.7986881669590198
e 48 10 1.7693499054834383
e 48 11 2.3462189564914344
e 48 12 2.407818906111096
e 48 14 2.7711653721170135
e 48 15 0.7599484833035752
e 48 16 0.11682264501821193
e 48 17 2.6175030317212284
e 48 18 2.5946362369738325
e 48 19 2.794596743122707
e 48 20 2.8002031262381584
e 48 22 1.5158475407916567
e 48 23 4.7194281034324295
e 48 24 2.5195498706516437
e 48 25 1.2690818728036035
e 48 26 3.1612136328133467
e 48 27 3.085587900082951
e 48 28 3.0041994592010193
e 48 29 1.06036498001704
e 48 30 1.874358017816311
e 48 31 0.9504001389378597
e 48 32 1.7169672839467431
e 48 33 1.0316077052385246
e 48 34 3.5559108018990218
e 48 35 0.3701252256927612
e 48 37 2.274346515447354
e 48 38 3.472300215072373
e 48 39 0.6668276377268623
e 48 40 1.7130924517895
e 48 41 1.580908684072646
e 48 42 1.4099891189931357
e 48 43 3.1732390189931037
e 48 44 0.453967342962624
e 48 46 0.08725542531487607
e 48 47 1.9318666118999672
e 49 0 1.5350372012201179
e 49 3 2.7794071136780962
e 49 10 0.3575300619901739
e 49 12 1.020160157312064
e 49 18 3.5257361169543824
e 49 19 2.327157278126225
e 49 22 4.110995666328417
e 49 23 1.7469872722495239
e 49 25 2.6880890574934826
e 49 26 1.0491748316213263
e 49 40 3.2819678293318884
e 49 47 1.0398171800638722
e 50 49 0.4552173430160861
e 51 52 2.398804113033988
e 51 54 0.6933671858116419
e 51 57 0.8018721760517333
e 51 58 3.7807505820730336
e 51 59 2.607475930882186
e 51 60 0.23231686077831049
e 51 63 1.3916607362298783
e 51 67 1.0397448130432918
e 51 71 2.8368614291549035
e 51 72 4.116108610309021
e 51 73 3.4269556567623596
e 51 74 3.480386858971359
e 51 77 4.250579805032202
e 51 80 4.743176315725114
e 51 81 4.780285772655351
e 51 82 3.537258656177203
e 51 84 0.2928407687617429
e 51 85 1.73774658719267
e 51 93 4.927143139009537
e 51 94 4.897849781274552
e 51 96 2.524151372989642
e 51 97 1.5944763922580318
e 51 98 1.501008612213182
e 51 50 1.3551609370165036
e 52 58 1.0554260635479429
e 52 59 4.40819382608577
e 52 63 0.7358009614196609
e 52 73 1.19667378209481
e 52 77 3.0394397823149877
e 52 81 4.844361597920862
e 52 82 1.0365789464959085
e 52 85 0.03242939215027607
e 52 50 1.5742130628237265
e 53 54 2.6436501012478653
e 53 57 0.4788578538384297
e 53 58 3.4972840079478917
e 53 59 0.7791284971450879
e 53 60 0.3275045218664119
e 53 63 2.1399252460946365
e 53 67 3.8825673477179166
e 53 71 3.8971918038278854
e 53 72 2.5123387272213775
e 53 73 3.147279412305843
e 53 74 0.9275523448225576
e 53 77 3.5704973570926315
e 53 80 2.651940221249344
e 53 81 4.573853532324735
e 53 82 2.893772430484849
e 53 84 4.5235784090215825
e 53 85 2.813707837593638
e 53 87 0.5971995452363527
e 53 88 1.5462716488057981
e 53 93 1.1880226733040073
e 53 94 2.7288200013204045
e 53 96 0.21259169575219394
e 53 97 3.4531338766925908
e 53 98 1.5838803958722747
e 53 50 4.479743145619473
e 53 51 3.561849202423205
e 53 52 2.9772469655853966
e 54 57 3.82918720476215
e 54 58 4.095034150140717
e 54 59 1.6546432242038456
e 54 60 4.78453887642477
e 54 63 4.842636906928301
e 54 67 3.0636312495025653
e 54 71 3.588259808371739
e 54 72 4.979286853794212
e 54 73 4.875754152640731
e 54 74 3.335345634761966
e 54 77 3.5708509773615287
e 54 80 4.872007530581249
e 54 81 0.6710683939267814
e 54 82 0.9937810279279236
e 54 85 4.341286859441096
e 54 94 0.4482219111735697
e 54 98 0.8825391097933566
e 54 50 2.8788067827932746
e 54 52 3.7972180794040056
e 55 57 3.768790002161767
e 55 58 1.3216173595974956
e 55 59 2.898656517129032
e 55 60 0.9867894184193121
e 55 63 4.324441218947425
e 55 65 1.0359424874873664
e 55 66 3.2423442882535247
e 55 67 4.177053912999675
e 55 68 3.376888467034041
e 55 70 4.236409711514069
e 55 71 0.44067217958368654
e 55 72 4.198605736423269
e 55 73 3.473169814814407
e 55 74 0.7919338453645186
e 55 77 1.6138106979018574
e 55 78 1.19598518242661
e 55 80 3.5801771578675226
e 55 81 2.4690631821593607
e 55 82 2.353104973973683
e 55 84 1.9469374106031168
e 55 85 4.810756219691973
e 55 87 3.165654630330254
e 55 88 1.0368125432602404
e 55 90 3.0379847224937686
e 55 93 3.2451242930286823
e 55 94 4.662012413003401
e 55 95 3.0000602716047187
e 55 96 1.7725601997744729
e 55 97 4.33394887940322
e 55 98 3.710772212344031
e 55 50 3.779445028067508
e 55 51 0.21704562982553632
e 55 52 3.534898663846407
e 55 53 1.9922217269477172
e 55 54 3.242734708950015
e 56 57 3.0977723263540935
e 56 58 2.537775195797801
e 56 59 2.422069325074743
e 56 60 4.742209565288553
e 56 63 4.751354438716378
e 56 65 4.300957199309897
e 56 66 0.13137321192073892
e 56 67 3.4738080654538566
e 56 68 4.425479282935667
e 56 70 3.7573917968373434
e 56 71 1.3405862978843808
e 56 72 4.984015854842364
e 56 73 4.044884650134632
e 56 74 1.8023696680267753
e 56 77 2.633787601380089
e 56 78 1.5732041454522898
e 56 79 2.5888995507945483
e 56 80 1.3709221099221875
e 56 81 2.3819317922420513
e 56 82 3.0439192744231427
e 56 84 1.5337878897319372
e 56 85 2.932197009583395
e 56 87 1.1092509644930904
e 56 88 2.660375146145996
e 56 90 0.5571546949902295
e 56 91 1.993695104953731
e 56 93 0.7206340128152205
e 56 94 4.007817843257749
e 56 95 4.063356720917619
e 56 96 4.389958591202705
e 56 97 0.762573555033283
e 56 98 4.361215584782201
e 56 50 3.430747576043261
e 56 51 4.154612248646266
e 56 52 3.6537013363864257
e 56 53 1.6504629837295381
e 56 54 4.651760078625805
e 56 55 0.6136907861959695
e 57 58 2.0358117200032693
e 57 59 0.3323262025424212
e 57 63 0.20258026132044749
e 57 67 2.39179080335217
e 57 72 3.692756752886578
e 57 73 4.409422271964407
e 57 74 2.3625077079445016
e 57 77 0.4597431639861427
e 57 80 2.6764039362446534
e 57 81 1.3125774836080422
e 57 82 4.477015129457834
e 57 85 1.630830404146229
e 57 98 3.81219960437
e 57 50 2.07686192763421
e 57 52 2.5249894288423187
e 58 50 0.2001841876144167
e 59 63 3.911958520435478
e 59 73 4.049528678609268
e 59 77 1.6994091124458632
e 59 81 3.5963947041540028
e 59 82 3.732191114797567
e 59 85 1.2020708518542706
e 59 50 1.0286984090196967
e 59 58 3.5148055358452464
e 60 63 1.276141335962151
e 60 67 4.090491080617202
e 60 71 0.9171025402931554
e 60 72 0.8111292651969498
e 60 73 1.4197054778332947
e 60 74 4.585454673133997
e 60 77 4.3862263347988995
e 60 80 0.8857385410774016
e 60 81 0.08910754989768621
e 60 82 1.0817576874599144
e 60 85 2.74794284478594
e 60 94 1.1733453585232079
e 60 98 3.918412521504244
e 60 50 0.840307756731894
e 60 52 4.798249685524667
e 60 57 0.690753851331613
e 60 58 4.927333074321837
e 60 59 1.2040232112134857
e 61 62 4.310346183951887
e 61 63 4.196766418564303
e 61 64 4.009801403765056
e 61 65 2.1723531491577437
e 61 66 2.7184902622939804
e 61 67 0.8481824802615884
e 61 68 2.8461801021420325
e 61 70 2.611634974555053
e 61 71 3.1482569580213324
e 61 72 1.0635309096110812
e 61 73 3.9384269071541196
e 61 74 4.90308435940179
e 61 75 3.3457247869459654
e 61 77 1.7511300976709687
e 61 78 2.55997838919607
e 61 79 1.9397161937481355
e 61 80 0.9102284221146545
e 61 81 1.7090906324287902
e 61 82 2.2821004397176887
e 61 84 3.1269072994500036
e 61 85 1.6043403294533187
e 61 86 4.834572003258079
e 61 87 1.4602723203167
e 61 88 1.1925718218217813
e 61 89 4.388438882000506
e 61 90 0.43620025826735964
e 61 91 4.040583676778522
e 61 92 3.5246929929958783
e 61 93 2.6489480657616356
e 61 94 1.8208423407234686
e 61 95 0.4619749437488313
e 61 96 1.9310263519369286
e 61 97 3.933877520903433
e 61 98 4.459034730550292
e 61 50 2.421454478787904
e 61 51 1.9541657411194202
e 61 52 1.6183920852196483
e 61 53 3.850180663591782
e 61 54 1.2165683109147352
e 61 55 4.364213078503332
e 61 56 2.471402325896514
e 61 57 0.6061669930670305
e 61 58 0.39406249154121054
e 61 59 3.6712152897329133
e 61 60 0.38074658997314215
e 62 63 0.6678888129994665
e 62 64 2.383919458640426
e 62 65 4.357192804822963
e 62 66 1.5091786696570426
e 62 67 3.6496423579365116
e 62 68 4.286832992642783
e 62 70 1.593933068489732
e 62 71 2.6097216636659186
e 62 72 0.8856116190969338
e 62 73 3.9626503465309577
e 62 74 0.5896612993627365
e 62 75 1.2542769077292393
e 62 77 1.057371349432289
e 62 78 3.1257582265383297
e 62 79 0.08528478354356439
e 62 80 3.432223812473757
e 62 81 3.1407956716788292
e 62 82 0.6956958518695877
e 62 84 3.949780999825533
e 62 85 2.092345629810951
e 62 87 3.563495284061349
e 62 88 1.6562241722792321
e 62 89 1.3962558188808645
e 62 90 2.250011385076723
e 62 91 3.0226893181072905
e 62 92 4.1472684374026505
e 62 93 0.5737925241648689
e 62 94 1.9511202271369699
e 62 95 2.49337015924255
e 62 96 3.504517062215546
e 62 97 4.552357277296074
e 62 98 3.550597306252827
e 62 50 3.8453458997086547
e 62 51 4.886797265058832
e 62 52 0.6387077462248253
e 62 53 4.121899331041764
e 62 54 3.334783182315145
e 62 55 0.48611296300459905
e 62 56 0.23242170162316222
e 62 57 0.7996017999969957
e 62 58 2.9851272448879125
e 62 59 0.6131657460849282
e 62 60 2.160598831479081
e 63 73 2.486880046741933
e 63 77 1.3441355639020198
e 63 81 2.162432759679006
e 63 82 3.197917519542087
e 63 85 1.4845082966990657
e 63 50 1.4611699332372803
e 63 58 1.2185544640501296
e 64 65 0.2101131953009161
e 64 66 2.3355159648111066
e 64 67 2.5049680609999396
e 64 68 2.2568554393001463
e 64 70 1.5715712294036643
e 64 71 4.067634805577441
e 64 72 3.1632967843826263
e 64 73 3.1946742559779278
e 64 74 2.8273031720084907
e 64 75 3.163721685794755
e 64 77 0.5529067275028965
e 64 78 0.9045157959923272
e 64 79 3.362552975907498
e 64 80 0.6800306371351411
e 64 81 0.3643917079216391
e 64 82 3.0771799169031984
e 64 84 0.5174984218427642
e 64 85 1.5832872889346943
e 64 87 3.0260671555899354
e 64 88 0.08362470819643031
e 64 89 0.2170441191379041
e 64 90 0.2884900393393597
e 64 91 4.657411731451562
e 64 92 2.2437105059413973
e 64 93 1.5325205960597665
e 64 94 0.2151953393124767
e 64 95 2.0205768269309115
e 64 96 3.668042439322993
e 64 97 4.378684609688217
e 64 98 2.5827247001303406
e 64 50 2.0116310657585945
e 64 51 4.062963464780338
e 64 52 1.5210930939609164
e 64 53 2.581093861370798
e 64 54 2.237622937116858
e 64 55 4.53992789810369
e 64 56 4.568303667197836
e 64 57 2.289952329086537
e 64 58 3.9080432599188004
e 64 59 0.8628322604811722
e 64 60 0.1104167112404858
e 64 63 2.6518851447354224
e 65 66 2.982364251560108
e 65 67 3.6760994093993977
e 65 68 2.8745804371919492
e 65 71 4.213122167073864
e 65 72 2.4964107443910266
e 65 73 3.5424076236557727
e 65 74 3.636360651349417
e 65 77 0.9696480319297185
e 65 80 1.0709539067342233
e 65 81 4.301906142533242
e 65 82 0.38288122323965557
e 65 84 3.2604826862819887
e 65 85 1.88647317793809
e 65 87 1.6827622713053296
e 65 88 0.37474243870778023
e 65 90 1.5887385101164142
e 65 93 3.405611432758224
e 65 94 4.992131124630833
e 65 95 1.267427078241255
e 65 96 2.58696279726246
e 65 97 1.5343730807118234
e 65 98 3.3846829101535376
e 65 50 3.5518360740354966
e 65 51 0.41239874439268576
e 65 52 2.754945709225311
e 65 53 2.695432525720205
e 65 54 4.250763646291571
e 65 57 1.488750113164744
e 65 58 2.5882764905587745
e 65 59 1.8281190579053497
e 65 60 1.8899714299699806
e 65 63 0.24163556608639114
e 66 67 0.3780200284206964
e 66 71 1.457633916043592
e 66 72 3.6856555174303396
e 66 73 2.6140341022924094
e 66 74 4.002350944536949
e 66 77 2.174654110730756
e 66 80 0.21042587829939396
e 66 81 3.424926561851911
e 66 82 3.5053675171729832
e 66 84 4.6728792423038445
e 66 85 0.23543397506468222
e 66 87 3.361696275411534
e 66 88 2.16562702953493
e 66 90 3.7197723200034396
e 66 93 3.853552375453054
e 66 94 3.01753095333899
e 66 95 2.0702053565769734
e 66 96 2.205959599798714
e 66 97 3.1890350781588457
e 66 98 4.858312013736208
e 66 50 4.745738176222532
e 66 51 2.300177235283576
e 66 52 3.433513031840521
e 66 53 3.6297189556456875
e 66 54 3.757734407860518
e 66 57 0.6240244017784013
e 66 58 0.6037284926835768
e 66 59 1.3772134884767646
e 66 60 0.18976765613704316
e 66 63 0.7966751393427285
e 67 72 0.011081678236480319
e 67 73 2.1162781088306595
e 67 74 2.4809353773228087
e 67 77 0.7775010503106727
e 67 81 3.995491424877193
e 67 82 0.8879582610753761
e 67 85 0.45586963264917957
e 67 50 4.335255572147104
e 67 52 0.190312110114903
e 67 58 2.89758069292273
e 67 59 4.798191767110111
e 67 63 4.176790411836543
e 68 71 1.2890360070103184
e 68 72 4.735671257621917
e 68 73 4.239774183703133
e 68 74 2.2388256216621083
e 68 77 4.652826137169636
e 68 80 0.9124046995225005
e 68 81 1.1118061153733616
e 68 82 0.18848382189351587
e 68 84 0.7568404917613708
e 68 85 3.2493032986584125
e 68 87 1.560661682106033
e 68 88 2.3345429005074854
e 68 90 1.874319419281472
e 68 93 1.3319873285861288
e 68 94 4.915408160390953
e 68 95 2.131332568136268
e 68 96 0.23557258274386483
e 68 97 4.276598747434247
e 68 98 3.61211486483795
e 68 50 4.298191877168612
e 68 51 1.9737674815476403
e 68 52 3.9058849311023867
e 68 53 1.9820565122063365
e 68 54 1.7718592549179584
e 68 57 2.5149205846505103
e 68 58 1.8536597456998682
e 68 59 4.171218265039961
e 68 60 4.828024618053245
e 68 63 2.1891129658805424
e 68 66 2.8211696096595573
e 68 67 3.2417269890989573
e 69 70 4.709567139358696
e 69 71 4.41116107952411
e 69 72 4.328076185233739
e 69 73 4.123541532569618
e 69 74 1.8705051331168099
e 69 75 0.04975242333119134
e 69 77 3.0265722232650023
e 69 78 0.23104362553089675
e 69 79 3.069108366283788
e 69 80 2.573531374429914
e 69 81 3.806748341913957
e 69 82 0.8378762235944748
e 69 84 3.078026099057799
e 69 85 4.890411641766985
e 69 86 0.17248610059492075
e 69 87 2.55804587987819
e 69 88 1.3692295493046636
e 69 89 2.2048398386735553
e 69 90 4.958372171941926
e 69 91 0.4802567457979534
e 69 92 3.4847440772305402
e 69 93 1.4185391564841416
e 69 94 1.6432473801053344
e 69 95 4.719976073082277
e 69 96 4.381682268364881
e 69 97 2.8510214877268854
e 69 98 3.7410441086492856
e 69 50 1.6032642232685328
e 69 51 1.5179418292471798
e 69 52 2.354728939500508
e 69 53 1.3496535943401855
e 69 54 3.9541597088993696
e 69 55 1.6143038218041932
e 69 56 1.462956331677578
e 69 57 2.455020191935862
e 69 58 0.9761598198261712
e 69 59 3.431887289503461
e 69 60 1.6543850981621877
e 69 61 2.0698952725985134
e 69 62 4.013228824705417
e 69 63 4.80669642364586
e 69 64 1.792207367661986
e 69 65 4.345882103122169
e 69 66 1.985172321217804
e 69 67 1.3619155812505719
e 69 68 4.505769402221138
e 70 71 3.292853003545992
e 70 72 3.8346566394641646
e 70 73 2.1800006137100585
e 70 74 3.4202955108528283
e 70 77 2.2684227601456
e 70 78 3.217917241832178
e 70 80 2.5909553592860686
e 70 81 4.445601038264865
e 70 82 1.46635547985963
e 70 84 2.3053408341203045
e 70 85 0.9496253985710551
e 70 87 0.06227383753842963
e 70 88 4.447679430462649
e 70 90 2.9878462654711946
e 70 93 2.3498561807989398
e 70 94 3.4889302797566
e 70 95 1.8797360882321161
e 70 96 2.4899869430039385
e 70 97 3.003293464491038
e 70 98 1.412334728398258
e 70 50 3.5281667094408524
e 70 51 0.41946663192854117
e 70 52 4.644537867231161
e 70 53 4.475637859824054
e 70 54 1.434784956518857
e 70 57 2.246367079673093
e 70 58 3.910994476019309
e 70 59 0.5425651395196912
e 70 60 2.1327485229484906
e 70 63 0.3528833548983068
e 70 65 3.4689063593131433
e 70 66 0.13611576293236283
e 70 67 3.546833064344734
e 70 68 1.7897547929000606
e 71 72 1.0386106983389154
e 71 73 0.35412765862212814
e 71 74 3.808623191989808
e 71 77 1.402584716889716
e 71 80 2.7987063861378534
e 71 81 3.2726748593653614
e 71 82 1.3409645842022577
e 71 85 2.8541608630088033
e 71 94 2.554749400685706
e 71 98 0.6309907778397078
e 71 50 3.727338504429741
e 71 52 4.098563622522074
e 71 57 4.9261003378088395
e 71 58 0.27483274551976244
e 71 59 1.8486480319056846
e 71 63 4.552023621192008
e 71 67 3.2859761473885185
e 72 73 4.706515757675232
e 72 77 0.958098404336597
e 72 81 0.04104243835898913
e 72 82 2.722956286528989
e 72 85 1.5523981821536348
e 72 50 0.9334656902994715
e 72 52 2.7520747317276824
e 72 58 3.1165667743001038
e 72 59 4.0202951413867565
e 72 63 4.858053351890682
e 73 50 0.6943075550810085
e 73 58 3.102102107675364
e 74 77 1.2752877057761636
e 74 81 1.970647864735891
e 74 82 3.382205542705047
e 74 85 1.1291501980881717
e 74 50 0.9285029944219497
e 74 52 2.840757277501349
e 74 58 1.2404708252551218
e 74 59 1.875706662393009
e 74 63 0.33834404746423963
e 74 72 1.7206251773161245
e 74 73 2.4386612536189407
e 75 77 1.9385478871221196
e 75 78 3.0482669817562154
e 75 79 2.0027783937481027
e 75 80 4.237418171591754
e 75 81 3.236908041050252
e 75 82 1.8148326318843133
e 75 84 2.5884792449871967
e 75 85 4.6885333591781295
e 75 87 2.9061059702728946
e 75 88 1.5579001024826056
e 75 90 1.0558765797811058
e 75 91 3.7773033595611976
e 75 93 2.250933768739478
e 75 94 1.7978066834010176
e 75 95 3.374707849917545
e 75 96 1.9032074808052042
e 75 97 1.5412231681131594
e 75 98 4.700882790740463
e 75 50 2.014629962618562
e 75 51 0.6518608891162742
e 75 52 3.1504175544732966
e 75 53 3.807709041378588
e 75 54 4.026720576440562
e 75 55 4.6642203708757695
e 75 56 3.030557419289507
e 75 57 2.397254873612476
e 75 58 1.0721626736250067
e 75 59 0.19557858973316466
e 75 60 1.823013344412458
e 75 63 4.615091622859236
e 75 65 2.2101759502894973
e 75 66 4.9261308306072396
e 75 67 3.4374221167318826
e 75 68 2.920849897671254
e 75 70 0.872180270956075
e 75 71 3.9764956177578474
e 75 72 4.647952537108339
e 75 73 3.7709541559318707
e 75 74 0.3689549380405527
e 76 77 3.8864280418781565
e 76 78 1.6172542586413856
e 76 79 2.961525340402283
e 76 80 4.695116969710743
e 76 81 4.170418543933135
e 76 82 3.6820391928521863
e 76 84 2.0334206588450887
e 76 85 2.1014482416963935
e 76 86 0.35016997390975857
e 76 87 3.867648775934373
e 76 88 3.2391988925680537
e 76 89 3.6895499417537114
e 76 90 3.7963291543966706
e 76 91 3.5936502809313935
e 76 92 2.1183842471663796
e 76 93 4.286472101168704
e 76 94 2.9171412349593355
e 76 95 4.925841306510975
e 76 96 1.6254909976090652
e 76 97 2.3945534742191894
e 76 98 2.1000321727098896
e 76 50 3.9941234345648158
e 76 51 1.9936067346208723
e 76 52 1.8064954830085556
e 76 53 4.94555802248529
e 76 54 3.660207993468125
e 76 55 4.270459626275577
e 76 56 0.676614917081354
e 76 57 1.0394763084555758
e 76 58 4.6914520885210855
e 76 59 1.2155974562856386
e 76 60 1.5196404425910974
e 76 61 0.2793405701653201
e 76 62 0.08032309388505465
e 76 63 1.826689490657572
e 76 64 1.2196214176441944
e 76 65 2.6460249999788132
e 76 66 4.612894414200308
e 76 67 3.811993344010939
e 76 68 3.7488370098043515
e 76 69 2.0302640815282382
e 76 70 4.4054581575742215
e 76 71 0.483663172787932
e 76 72 0.237069144779668
e 76 73 1.5831740061652944
e 76 74 3.070724017770963
e 76 75 4.673781255733996
e 77 81 4.942250494991437
e 77 82 3.4562974690508845
e 77 85 2.8589837667872775
e 77 50 1.2211053038297388
e 77 58 1.0320722910439946
e 77 73 3.9295108770950398
e 78 80 4.9752233327594535
e 78 81 4.808921610710691
e 78 82 4.201526269636295
e 78 84 2.0730562636618437
e 78 85 0.7917707789693751
e 78 87 3.4888540507384165
e 78 88 0.17616943932026063
e 78 90 1.5005033748262404
e 78 93 3.492336036181594
e 78 94 1.0441153071043292
e 78 95 2.340110459107364
e 78 96 1.039153274549135
e 78 97 4.786580072131966
e 78 98 1.6248117363468588
e 78 50 4.35800725755992
e 78 51 2.6964375768782305
e 78 52 3.778216542028407
e 78 53 3.790989201943604
e 78 54 4.520245159456683
e 78 57 3.2942038780225706
e 78 58 1.9139510697516098
e 78 59 1.2019715511266456
e 78 60 4.131021816505956
e 78 63 2.8143929722660257
e 78 65 0.012939624239160508
e 78 66 2.0027449607529917
e 78 67 3.537883352195699
e 78 68 4.066247163489413
e 78 71 3.615328047823025
e 78 72 4.271183829720936
e 78 73 3.850123413766175
e 78 74 1.6879047612377351
e 78 77 0.37342247602724365
e 79 80 2.6443671813231875
e 79 81 4.568909873041009
e 79 82 2.2941337222676643
e 79 84 2.2939201021330775
e 79 85 2.1434857672172654
e 79 87 4.332762583220658
e 79 88 2.386308648560762
e 79 90 2.3336828112007164
e 79 93 3.5395910694937016
e 79 94 4.679362970206201
e 79 95 1.1830997852457008
e 79 96 1.0763230316091044
e 79 97 1.4003086021894384
e 79 98 1.7755936638418741
e 79 50 0.7999319444283631
e 79 51 2.026116587637336
e 79 52 1.3630980991209913
e 79 53 3.452118839995178
e 79 54 4.34342721863293
e 79 55 4.297281225058091
e 79 57 0.36012000457136595
e 79 58 0.4622340741518899
e 79 59 0.781379882274148
e 79 60 4.470450415354832
e 79 63 3.476862289525173
e 79 65 2.1872239647585228
e 79 66 4.244602015066745
e 79 67 4.532735001644793
e 79 68 2.1395052303966464
e 79 70 1.2591697853684751
e 79 71 1.9156922688328082
e 79 72 2.4543348034649437
e 79 73 0.8297067264422947
e 79 74 1.5997439723127127
e 79 77 0.4447665941387563
e 79 78 0.9007137019511802
e 80 81 1.7347614877851965
e 80 82 2.9783776391973085
e 80 85 3.60334754800052
e 80 50 1.8488537079211687
e 80 52 2.4622095101876895
e 80 58 4.285300844494282
e 80 59 2.280580397357406
e 80 63 0.26982211925486665
e 80 67 4.678516603528618
e 80 72 1.688481046885843
e 80 73 0.726879631067528
e 80 74 2.1050289911190796
e 80 77 3.2581778157709493
e 81 82 0.863378270516913
e 81 85 1.9728793934920286
e 81 50 0.8941655991480724
e 81 58 3.2349187190891575
e 81 73 0.574223254332073
e 82 50 1.009629863441055
e 82 58 0.07896878746757707
e 82 73 1.7725512916045112
e 83 84 4.206183414941154
e 83 85 0.4621328883119302
e 83 86 1.4410527654045597
e 83 87 1.6087375508290176
e 83 88 0.9076791822582775
e 83 89 0.12553543555556046
e 83 90 2.851365541473209
e 83 91 4.495880936729081
e 83 92 3.2678684064803565
e 83 93 4.176802184304368
e 83 94 2.437033370513082
e 83 95 3.7353243105832403
e 83 96 2.5432202514289832
e 83 97 1.2842295686317011
e 83 98 1.0989036758857988
e 83 50 3.2879635675934766
e 83 51 2.483710256124956
e 83 52 3.4922294341707447
e 83 53 1.1408255291554874
e 83 54 3.8933039990483875
e 83 55 0.6509568699248214
e 83 56 0.672340526288408
e 83 57 3.1536686461573202
e 83 58 3.7296849270681647
e 83 59 2.2191481144157867
e 83 60 1.2660347841990982
e 83 61 1.6179047908937099
e 83 62 3.345132196456957
e 83 63 4.403176262759508
e 83 64 0.23243769477496845
e 83 65 0.4273138014734562
e 83 66 0.7661261952766735
e 83 67 3.048376284541069
e 83 68 3.2015490282703976
e 83 69 3.931107524128166
e 83 70 0.37026408233957864
e 83 71 2.915804591497
e 83 72 1.2491816211399132
e 83 73 1.208534629180726
e 83 74 1.2328541102978696
e 83 75 0.7025083603348287
e 83 76 4.348531862114618
e 83 77 4.496551370045548
e 83 78 4.788726527234769
e 83 79 2.8999736733195647
e 83 80 4.71883885738425
e 83 81 1.520974084041518
e 83 82 1.1778099202280683
e 84 85 3.9451225006588957
e 84 94 3.6850415461442214
e 84 98 0.7428392989699767
e 84 50 2.8523426146509783
e 84 52 0.9282286077203938
e 84 54 3.611438033274813
e 84 57 2.1168193027880977
e 84 58 1.2200199070611513
e 84 59 1.3042445221725174
e 84 60 0.04096349529197019
e 84 63 4.393034716045543
e 84 67 2.460168158876803
e 84 71 4.377412430796005
e 84 72 3.5868778317644
e 84 73 0.9665536167665556
e 84 74 2.1522801154479634
e 84 77 2.7142935729745243
e 84 80 2.724515439130898
e 84 81 3.2040708645867118
e 84 82 4.214652414965201
e 85 50 0.9009287061466154
e 85 58 0.059816172942259715
e 85 73 0.9237817569512347
e 85 82 4.253891228490736
e 86 87 3.5865206344762375
e 86 88 1.3776797192255246
e 86 89 1.929410480211204
e 86 90 0.21170086491148488
e 86 91 1.8204112046703458
e 86 92 0.013194366992186901
e 86 93 2.074509663147208
e 86 94 2.7816405854466426
e 86 95 0.6844379457250865
e 86 96 3.5028150676323397
e 86 97 0.45878557126550257
e 86 98 3.3434849917681335
e 86 50 3.8121978888684476
e 86 51 1.895604565838992
e 86 52 2.130033987520599
e 86 53 2.3485940451239404
e 86 54 1.6171136852721502
e 86 55 1.823978954355563
e 86 56 2.43868337288664
e 86 57 3.542801993357239
e 86 58 0.18994856946759564
e 86 59 4.544798232650263
e 86 60 4.556632607267664
e 86 62 4.637929325025911
e 86 63 4.37267079556496
e 86 64 0.7058849480683443
e 86 65 2.7906257212875456
e 86 66 1.4683417130285097
e 86 67 3.693009054198116
e 86 68 1.041920081388098
e 86 70 2.9087060315074704
e 86 71 3.9495631600777785
e 86 72 4.348595325871447
e 86 73 1.0735405016634907
e 86 74 1.326290812031579
e 86 75 2.135271202338074
e 86 77 3.6625941373566113
e 86 78 2.4606947280969282
e 86 79 0.1233730495506602
e 86 80 1.3045008396437647
e 86 81 3.6259828514331582
e 86 82 1.4585294000685471
e 86 84 0.8156475943401803
e 86 85 1.0526091077440785
e 87 93 3.1584381447458085
e 87 94 3.5116998721714348
e 87 96 4.461380512813967
e 87 97 3.0491109717720724
e 87 98 0.6410135278146489
e 87 50 4.146853468996172
e 87 51 1.0640693773989818
e 87 52 4.966599658855231
e 87 54 2.6441332974288425
e 87 57 0.5516284074658856
e 87 58 0.8401152776643361
e 87 59 1.5420598980528633
e 87 60 0.4192235107272846
e 87 63 3.211195854548298
e 87 67 4.058252016777885
e 87 71 2.2370159327995767
e 87 72 3.8255063965630915
e 87 73 2.854151733464707
e 87 74 1.5323807415915658
e 87 77 4.372637098939553
e 87 80 4.36843986810607
e 87 81 4.877515961198826
e 87 82 2.7924889493857896
e 87 84 0.11870810937562037
e 87 85 1.530505300410795
e 88 93 1.0389740863390866
e 88 94 0.292953933654323
e 88 96 0.04155672094695084
e 88 97 0.29331252526776375
e 88 98 2.5267823718918443
e 88 50 2.2314787149423143
e 88 51 2.4729791056793005
e 88 52 2.5518858242634916
e 88 54 1.5180124214960484
e 88 57 4.402965146336969
e 88 58 3.727965014995738
e 88 59 1.2967805418627183
e 88 60 1.7428047073536246
e 88 63 0.3315622973810761
e 88 67 4.255991900621667
e 88 71 2.874352071286241
e 88 72 1.2251295864041745
e 88 73 1.9503423152987724
e 88 74 3.5309360708184494
e 88 77 1.6379165459517275
e 88 80 0.461298774529203
e 88 81 2.8104757943068854
e 88 82 3.499232407415527
e 88 84 4.142565982409464
e 88 85 3.8509797381135344
e 88 87 4.295557568729518
e 89 90 1.865290247994369
e 89 91 4.966064622694747
e 89 92 3.2772069061421916
e 89 93 3.9945630190305224
e 89 94 4.434291552630765
e 89 95 0.16182998836237028
e 89 96 1.0282066146133528
e 89 97 3.708958133464594
e 89 98 1.1753254124913233
e 89 50 1.465920590432734
e 89 51 1.049934897176571
e 89 52 2.5671441523980065
e 89 53 2.128421770847049
e 89 54 1.26147269151061
e 89 55 0.9324309795688929
e 89 56 3.824584653483649
e 89 57 3.7181120927775813
e 89 58 4.377827777585244
e 89 59 4.290496201164585
e 89 60 4.486696994825287
e 89 63 3.644292494699321
e 89 65 1.9267478001249745
e 89 66 4.5041745416820635
e 89 67 3.157359491587128
e 89 68 1.5616235129579175
e 89 70 2.8603177612917157
e 89 71 4.6361186425432725
e 89 72 4.34033851192102
e 89 73 4.29140526830741
e 89 74 2.841971133673578
e 89 75 0.9926160607366857
e 89 77 2.830762148869037
e 89 78 2.5667747298221846
e 89 79 1.4637649452335961
e 89 80 3.0209615436764277
e 89 81 1.4091271102404412
e 89 82 3.2663266506324664
e 89 84 3.8891413772499277
e 89 85 1.0314959855942707
e 89 87 3.3203615683361107
e 89 88 4.084744979610033
e 90 93 2.2450329155257838
e 90 94 0.8421889794400167
e 90 95 2.4422497763508018
e 90 96 3.6271142254451094
e 90 97 1.3715129079610384
e 90 98 1.6728695644843172
e 90 50 2.193177172595698
e 90 51 3.0637453348956973
e 90 52 3.482373571277251
e 90 53 1.4504892583536848
e 90 54 4.135147291083514
e 90 57 0.6913963207133123
e 90 58 3.952050306461971
e 90 59 3.944163943267495
e 90 60 3.0882704238709264
e 90 63 1.5412337132205418
e 90 67 3.263189802506528
e 90 71 1.526365144287014
e 90 72 1.159750657456207
e 90 73 3.617829140872628
e 90 74 4.16297909291396
e 90 77 4.8611672032889155
e 90 80 4.8580509387836095
e 90 81 2.828401742047938
e 90 82 2.2814258541608434
e 90 84 1.7837397930201098
e 90 85 1.6709741249429366
e 90 87 4.762449244449906
e 90 88 4.321846246372734
e 91 93 3.1000066421052357
e 91 94 4.750440339080429
e 91 95 2.3974192392143596
e 91 96 2.5128894923212335
e 91 97 2.9352980889919946
e 91 98 4.060972279831894
e 91 50 2.8203605509530707
e 91 51 4.134481997104185
e 91 52 2.7357868759177033
e 91 53 0.3188116880860864
e 91 54 0.42275971780329324
e 91 55 1.9738884239355725
e 91 57 2.482004927938975
e 91 58 1.2299733986118988
e 91 59 3.866208592126412
e 91 60 1.4528275792739502
e 91 63 0.5542873783821367
e 91 65 1.0582074229119565
e 91 66 0.905073315336003
e 91 67 0.5110859749009383
e 91 68 0.14329134633613405
e 91 70 3.823874403937358
e 91 71 4.586131570093426
e 91 72 3.8227520396336496
e 91 73 1.0801993727953763
e 91 74 4.17570971895578
e 91 77 3.5192804469367127
e 91 78 1.2042995426313796
e 91 79 1.887571115123849
e 91 80 2.3265565656303346
e 91 81 4.894186229608619
e 91 82 3.393748763302749
e 91 84 4.1161201229137125
e 91 85 4.201902292288789
e 91 87 0.8866172396880428
e 91 88 1.7622031043619808
e 91 90 0.8749361405632217
e 92 93 1.3797698778991756
e 92 94 0.23798726127641612
e 92 95 1.2900982975266317
e 92 96 0.5574616908876412
e 92 97 2.935529364449554
e 92 98 1.9934031380980266
e 92 50 4.862701555332821
e 92 51 1.0607629153719205
e 92 52 2.478545533700826
e 92 53 3.6851332114560003
e 92 54 0.9077465912152866
e 92 55 0.9771580993874879
e 92 56 1.0260654745529636
e 92 57 1.0904418015211466
e 92 58 2.7769523769934654
e 92 59 4.9624246871188324
e 92 60 1.5518087700749645
e 92 63 3.8509757642330618
e 92 65 0.8169690850343969
e 92 66 0.32836809878656503
e 92 67 4.577861777149469
e 92 68 2.203813975902552
e 92 70 4.354393132179993
e 92 71 4.470753785619367
e 92 72 2.282453924941076
e 92 73 1.2307635720795262
e 92 74 1.2041426144734735
e 92 75 1.2826652265978167
e 92 77 3.1634381258039994
e 92 78 0.6498678000222846
e 92 79 4.522722344809597
e 92 80 1.5243354112633933
e 92 81 0.8265789106634425
e 92 82 0.39336050635119413
e 92 84 4.470811005065862
e 92 85 1.5009957860769518
e 92 87 0.7870512890555476
e 92 88 1.322466679164197
e 92 90 3.624295974738898
e 92 91 3.9857261003919446
e 93 94 2.2059914840441364
e 93 98 4.217595936599781
e 93 50 2.5998723726405366
e 93 52 2.5930951960521753
e 93 54 1.1227892125424965
e 93 57 1.6511280211480006
e 93 58 2.9573267761482485
e 93 59 3.6282873030557194
e 93 60 3.604957933630741
e 93 63 4.57445737423906
e 93 67 3.0042127309468425
e 93 71 4.4783295531869065
e 93 72 4.918992051938536
e 93 73 2.077949100425658
e 93 74 1.874588484285875
e 93 77 3.4134992098806376
e 93 80 1.5940652754965934
e 93 81 3.9962335974919148
e 93 82 3.5949638103354604
e 93 84 1.3274655273945135
e 93 85 4.066478902033687
e 94 98 0.02062338558605825
e 94 50 2.000866403935193
e 94 52 2.8935424903827274
e 94 57 0.38893057595719094
e 94 58 4.120050166270406
e 94 59 4.503963946594248
e 94 63 3.2560001382396297
e 94 67 3.765036130876193
e 94 72 1.1500625160324711
e 94 73 2.672166522697182
e 94 74 2.9596306414940834
e 94 77 0.2705551310403659
e 94 80 2.1707385256290364
e 94 81 3.500742513605661
e 94 82 4.9152796046209675
e 94 85 4.220890448889208
e 95 96 4.114540052496747
e 95 97 3.1950197981980994
e 95 98 3.056988368482388
e 95 50 2.4868336829698428
e 95 51 4.474421113260061
e 95 52 1.22011909396138
e 95 53 1.574392941743219
e 95 54 1.4898296096175052
e 95 57 4.5345059419916005
e 95 58 4.900946920605851
e 95 59 4.278904026576217
e 95 60 2.272015963677838
e 95 63 3.736102307651289
e 95 67 3.8636901419782226
e 95 71 1.3945428375365871
e 95 72 1.4714633033984685
e 95 73 3.7823308586445554
e 95 74 4.076470970607231
e 95 77 2.2593937068268417
e 95 80 4.786669792888509
e 95 81 2.030499218441551
e 95 82 3.111247992890072
e 95 84 3.925853006998218
e 95 85 3.8979148179530423
e 95 87 3.916591213583666
e 95 88 2.1379829123210117
e 95 93 3.839927924016861
e 95 94 2.588152756628178
e 96 98 0.6905639961867083
e 96 50 2.9464605432369013
e 96 52 2.6887592208255957
e 96 54 1.4473593723843186
e 96 57 1.9472057855047438
e 96 58 1.4743197858376123
e 96 59 4.775311024425802
e 96 60 2.3931837773513944
e 96 63 4.0272460062727795
e 96 67 0.2806439244587017
e 96 71 0.3596427329067836
e 96 72 4.556137041531977
e 96 73 1.1580486089559834
e 96 74 1.458266309192373
e 96 77 4.566892697068042
e 96 80 3.4970026546536896
e 96 81 2.3228325618713868
e 96 82 4.593925089900133
e 96 84 1.0170391801695327
e 96 85 0.12981402478772552
e 96 93 1.754692202791916
e 96 94 1.5421822880564888
e 97 98 0.454836585688409
e 97 50 1.2375450546778382
e 97 52 1.0769812376927923
e 97 54 1.3852824880519254
e 97 57 3.545830384418502
e 97 58 0.19620322337374319
e 97 59 0.9730381314843384
e 97 60 2.603819267532463
e 97 63 4.245758668546267
e 97 67 4.657160150669208
e 97 71 0.6587279663293849
e 97 72 1.066127141687313
e 97 73 1.4112126126036224
e 97 74 1.7284264515006202
e 97 77 2.8425465488674106
e 97 80 4.532370207052513
e 97 81 0.6013882935467241
e 97 82 3.113762119088124
e 97 84 2.0855194293926105
e 97 85 2.955491428504736
e 97 93 1.0481816145862548
e 97 94 4.0890279290978535
e 97 96 3.4641477976474127
e 98 50 4.856997769288532
e 98 52 1.0584596858102913
e 98 58 0.19037049360590474
e 98 59 3.6620983950232358
e 98 63 0.8234911254676708
e 98 67 2.830018827186568
e 98 72 1.0009009291467912
e 98 73 1.3426128318109027
e 98 74 4.587432073975188
e 98 77 4.82036968483465
e 98 80 0.8168284678032339
e 98 81 2.4674068213588547
e 98 82 2.9209755808275735
e 98 85 1.7833546278279722
e 99 50 3.082272870309622
e 99 51 1.2566050203127204
e 99 52 0.9410033781739879
e 99 53 4.648016642679661
e 99 54 4.2152503578540905
e 99 55 3.11082606704768
e 99 56 1.6758008687766797
e 99 57 4.501112351543062
e 99 58 1.7945980801419363
e 99 59 2.1660053428380093
e 99 60 0.905214982784775
e 99 61 0.4367886697407414
e 99 62 4.532911961247622
e 99 63 4.551391145177427
e 99 64 0.482353154431574
e 99 65 3.4282078279733676
e 99 66 1.870575897135807
e 99 67 2.4565891524822137
e 99 68 1.523062448957357
e 99 69 0.19439671289853744
e 99 70 2.331000649204351
e 99 71 2.8345310545880458
e 99 72 2.826007118633954
e 99 73 4.244783785873717
e 99 74 1.0227049507039427
e 99 75 3.047636819933355
e 99 76 0.13579685089474824
e 99 77 2.7152156908446887
e 99 78 4.759698330487181
e 99 79 0.49912975794676684
e 99 80 2.5757409339502164
e 99 81 4.804626488621341
e 99 82 3.621769494394634
e 99 83 0.11106470697540671
e 99 84 4.1147265740426695
e 99 85 4.666521425882091
e 99 86 0.3013956855623712
e 99 87 4.2319569674505075
e 99 88 3.3680586160215205
e 99 89 1.4027266759463481
e 99 90 2.870229813221716
e 99 91 0.8465397979879374
e 99 92 2.318239428271692
e 99 93 3.5348552792273913
e 99 94 4.451985021076512
e 99 95 3.7448117839087
e 99 96 2.9051739298444614
e 99 97 0.7127900224628397
e 99 98 4.742959432868887
