sem 0 1 10
e 0 1 0
e 1 2 3.754021231634586
e 1 3 4.476352004662345
e 1 4 1.8522502726533991
e 1 5 3.755256675958111
e 1 6 0.09156760910543238
e 1 7 1.0700848312933253
e 1 8 2.5215970829162377
e 1 9 3.3324051268731387
e 2 0 3.8418881320139535
e 2 4 3.8090499008372176
e 2 5 0.1466122151387228
e 2 7 1.815753731190236
e 3 0 3.491814906232734
e 3 4 2.257795700251598
e 3 5 2.5255035204726473
e 3 7 0.47516364226147745
e 3 8 4.584415841976639
e 3 2 3.141432874997468
e 4 0 0.395153361785639
e 5 0 0.9440046569263005
e 5 4 2.5664774022645616
e 6 0 1.222202543872234
e 6 7 1.2330899331776624
e 6 8 2.9350440844606114
e 6 9 0.7046569093303018
e 6 2 2.791827944510871
e 6 3 0.6600990456753753
e 6 4 1.2461102547434573
e 6 5 2.6945692731771045
e 7 0 0.4099764460494498
e 7 4 3.75328731342768
e 7 5 0.770109989953901
e 8 0 4.236705308907734
e 8 2 0.5071688169888489
e 8 4 4.021539409254994
e 8 5 4.240332496735958
e 8 7 1.0663149727459924
e 9 0 3.6115160113490656
e 9 10 2.358189629602422
e 9 2 3.536427871882912
e 9 3 3.272421272153295
e 9 4 2.808715285895958
e 9 5 3.9766403964731007
e 9 7 0.7379201904968474
e 9 8 4.295842909828464
e 10 11 2.049505742705058
e 10 12 2.2599356811658766
e 10 13 0.49879637044096314
e 10 14 2.803211102137829
e 10 15 3.2062741734197657
e 10 16 3.773654227431194
e 10 17 4.740877185011708
e 10 18 4.782522123186686
e 10 19 4.747246188433912
e 11 16 2.8673086508380683
e 11 17 3.8386509140371445
e 11 19 1.7099608439173082
e 12 14 1.3828068980798491
e 12 15 4.459860063883028
e 12 16 0.6608584690743302
e 12 17 3.6332286151000592
e 12 18 2.874133451706287
e 12 19 3.4675550641346486
e 12 11 0.5011292410520635
e 13 14 2.183999514436578
e 13 15 3.1446725149327333
e 13 16 2.2437953707249503
e 13 17 0.8916564348846057
e 13 18 2.2742020744808116
e 13 19 0.6033878110080992
e 13 11 2.525654061863378
e 13 12 3.084851867559264
e 14 15 3.6681775885939327
e 14 16 0.5198816107801774
e 14 17 2.1895029046776147
e 14 18 0.8989937667866371
e 14 19 4.058830903251803
e 14 11 4.38320521240729
e 15 16 2.3923621914376865
e 15 17 4.40457024167786
e 15 18 0.8059728942499039
e 15 19 3.1899765783929683
e 15 11 2.045457031351916
e 16 19 1.6616588582011231
e 17 19 2.906439229278326
e 17 16 3.8674134949574612
e 18 19 4.335552450790462
e 18 11 3.187460362089431
e 18 16 4.660688424410822
e 18 17 0.8340192575195354
