sem 0 2 15.286772142398837
e 0 2 0
e 2 7 4.846358894819341
e 2 8 1.5639495755020894
e 2 15 1.5098646958977224
e 2 22 0.005319198187775376
e 2 24 0.6003825869005014
e 2 27 0.9545963549619602
e 2 29 0.8785776970859233
e 2 31 2.8434136604903704
e 2 32 3.486862574965539
e 2 35 3.460743767811254
e 2 36 0.23874642935770962
e 2 38 1.2975714204760214
e 2 39 0.9640288070196029
e 2 40 3.0672823601251404
e 2 42 1.0577285702337074
e 2 44 1.6025480250443924
e 2 48 0.39307500745017376
e 2 49 3.134348821108077
e 2 51 2.8387933799170306
e 2 53 2.0594065602554767
e 2 62 1.875927524165491
e 2 63 0.7539652665612456
e 2 64 2.2557249530107426
e 2 65 0.357167993013327
e 2 68 4.529628712712012
e 2 70 0.015023087754232334
e 2 72 2.8347070681250948
e 2 74 4.498225642202116
e 2 75 2.7939096567221755
e 2 76 2.7325714467136395
e 2 77 0.6793555479447577
e 2 78 3.5589173043946727
e 2 81 4.356876851283079
e 2 84 2.436581970640778
e 2 85 2.356958980518632
e 2 87 2.8393230817526454
e 2 88 4.507692912088979
e 2 89 4.962332393133336
e 2 90 1.0986903494081424
e 2 91 3.5357087405257523
e 2 94 1.6354489839812718
e 2 95 2.8930645865091864
e 2 96 1.9927204801690312
e 2 97 0.14514281371633742
e 2 99 1.2274252992822117
e 2 100 3.8744079098356914
e 2 101 3.800005615201365
e 2 102 0.7814385953220793
e 2 108 3.054440441693291
e 2 115 3.8273063244511825
e 7 0 3.4090654489018615
e 7 4 2.1567031833545425
e 7 5 2.514517794996032
e 7 12 2.822369524868445
e 7 15 4.042929118867007
e 7 16 1.8685984269275697
e 7 25 3.4732684178845776
e 7 26 0.09287346839208122
e 7 27 1.1548962579410926
e 7 29 1.913682948886164
e 7 32 0.9074251289795721
e 7 34 2.7614951425023264
e 7 43 0.9519194982776397
e 7 50 2.5738136577007102
e 7 55 0.9896174178293732
e 7 57 2.5590557762131882
e 7 64 2.054730013683856
e 7 69 3.991290499280589
e 7 72 0.5952213541521789
e 7 79 4.028698363135023
e 7 80 4.085485425383774
e 7 84 3.33625231551132
e 7 85 1.3188927778112065
e 7 86 0.4336375141230747
e 7 89 1.7237004332481325
e 7 91 1.2134398271410425
e 7 94 3.7200521792288894
e 7 98 1.8702467767621367
e 7 101 4.855821232665697
e 7 104 3.3925997180409153
e 7 108 4.13451245539833
e 7 113 1.1229710278258427
e 7 115 0.7751064824288045
e 7 117 2.1020613872436438
e 7 118 3.9707615004599113
e 8 10 3.6933579444137843
e 8 14 4.791610571719917
e 8 26 4.57712692822249
e 8 31 2.493193647822896
e 8 33 0.008470147384399551
e 8 37 2.6449404848804554
e 8 38 4.340920855461727
e 8 39 3.2145060088828057
e 8 41 3.6701974601011136
e 8 42 1.133424191989036
e 8 73 0.15340298219545523
e 8 79 4.196090692300211
e 8 80 1.4106223746721958
e 8 81 4.0024059249674195
e 8 82 2.871804996699761
e 8 83 1.8108380718846822
e 8 94 0.05821361133427794
e 8 103 4.361555955450861
e 8 109 2.161955952640789
e 8 112 3.334334638865897
e 8 115 3.1011738272274187
e 8 116 3.4459771345238845
e 15 4 4.346582533782307
e 15 20 0.37959015435532817
e 15 26 2.497131010116524
e 15 31 3.917735381530167
e 15 34 3.1594076586375364
e 15 37 2.7847503566782534
e 15 38 2.252759899474506
e 15 41 4.691648137255936
e 15 43 3.667469970908437
e 15 47 2.2047372808233905
e 15 54 2.637113765068872
e 15 57 2.772831739283284
e 15 73 0.056415999834757424
e 15 74 1.4945567813065992
e 15 76 3.1915938367105587
e 15 79 2.403452513526033
e 15 80 3.7865509533458956
e 15 88 2.91085612056634
e 15 93 1.229297300016322
e 15 102 0.11677039524321697
e 15 107 4.904049951491119
e 15 111 3.5499614759914024
e 15 115 2.500115554588093
e 15 119 2.1882664636584543
e 22 3 1.0401161684649103
e 22 5 1.2099880740045394
e 22 10 1.9576303623813835
e 22 14 0.8258309002309216
e 22 18 0.8506878707364862
e 22 19 2.596483625323944
e 22 21 1.9967547518522388
e 22 23 0.26375776404513884
e 22 25 1.79062674258046
e 22 28 4.1225547860489336
e 22 30 1.7593826913912376
e 22 31 1.4940645838157036
e 22 32 4.264938370168279
e 22 35 0.7548838953765352
e 22 36 2.1253333277158863
e 22 38 2.506338373444415
e 22 50 3.6263113352887615
e 22 51 3.7539894934813978
e 22 52 1.3729695320349045
e 22 56 0.8872045051344429
e 22 59 1.3237813684095006
e 22 61 2.3211924641142714
e 22 63 2.2395562940476914
e 22 65 4.966491961073499
e 22 71 4.644661247362512
e 22 72 1.5643662133144347
e 22 75 2.1354728398117317
e 22 81 2.836758221672059
e 22 82 3.5554493436111043
e 22 92 2.041408903662884
e 22 96 3.1673181814487954
e 22 97 2.671215086982866
e 22 98 3.229388963170836
e 22 101 0.4488205676351176
e 22 102 1.5549108606452233
e 22 106 0.048044186651891585
e 22 109 4.8264781720711945
e 22 113 1.3225964969045094
e 22 114 0.3006396973452746
e 22 116 3.41074846658966
e 22 118 3.530805710212105
e 22 119 4.217170350617069
e 22 7 0.6244936385001382
e 24 3 3.1251985517832104
e 24 5 0.9310414625024682
e 24 6 0.23177008559579548
e 24 11 1.0229228094989158
e 24 12 1.931693990247898
e 24 13 3.4485745864149084
e 24 17 2.4045485283635553
e 24 18 2.339026881942537
e 24 19 4.414967333556822
e 24 20 4.902563685356436
e 24 26 4.824965769141753
e 24 28 2.9476601742704744
e 24 29 0.06336230114781738
e 24 31 3.6000457840172126
e 24 32 2.766997426024152
e 24 34 2.809635518392109
e 24 39 4.6482143875783
e 24 40 2.8503835117662195
e 24 41 4.1455216747983386
e 24 43 1.703507509247617
e 24 46 0.09056948248230834
e 24 62 0.8411753663875743
e 24 65 3.7988627987286483
e 24 68 2.721693027749661
e 24 75 4.140123610672384
e 24 79 3.9743139284010653
e 24 81 2.6288705085062443
e 24 83 4.927672407257567
e 24 84 1.1065819851495822
e 24 87 1.7173925241362658
e 24 89 2.45809227558052
e 24 92 3.5554705693355926
e 24 93 3.8330330022958274
e 24 95 3.369566149029385
e 24 102 0.30901554674303167
e 24 103 1.0462947956437034
e 24 107 0.4548334932006398
e 24 111 2.833848078239739
e 24 115 4.901455339681994
e 24 116 1.911770501761196
e 24 117 1.941097946857111
e 24 118 0.2648819374364908
e 24 119 3.9924412114583605
e 27 0 2.330695858223541
e 27 26 1.1383518775129842
e 27 28 4.305303693133397
e 27 32 0.3816456818017727
e 27 34 3.74038247519227
e 27 38 3.499153560906497
e 27 41 1.6127763536815132
e 27 55 4.169254635105267
e 27 60 3.6766737821769775
e 27 75 3.6643379436441808
e 27 79 0.9886387321739315
e 27 83 1.7509939318355483
e 27 84 0.07792745507056997
e 27 90 2.2354040594395608
e 27 91 3.694376016112786
e 27 98 0.08603141569641926
e 27 107 4.033650130492438
e 27 109 1.7732314776418612
e 27 115 1.74545395868958
e 29 4 0.09347954874007913
e 29 10 0.5627323672547724
e 29 14 2.4912886473776172
e 29 16 3.1051387101555057
e 29 20 1.0423695201119354
e 29 25 4.333955749902609
e 29 32 2.4957702353621296
e 29 34 4.305285161387934
e 29 42 0.19890800253121732
e 29 43 4.50715592681848
e 29 45 4.983648193158547
e 29 47 1.954822797223847
e 29 54 0.026492120541954378
e 29 57 1.2210685974292168
e 29 64 3.424514271491707
e 29 69 1.9967313356625682
e 29 72 3.970949839362406
e 29 75 2.8583464884738574
e 29 82 3.9547593981864426
e 29 86 0.9875875826277086
e 29 88 4.399734116432747
e 29 98 0.9950625263317875
e 29 101 1.1768593016884004
e 29 102 3.6962304538045743
e 29 103 4.8731918922755755
e 29 104 3.0920257958782
e 29 109 3.451911204332082
e 29 111 3.3226518407309857
e 29 117 4.916899097531381
e 29 27 4.6211116862952215
e 31 0 1.7990524574473503
e 31 10 3.6607515080865967
e 31 14 2.240773768055409
e 31 26 2.409304320082018
e 31 41 4.72080430886138
e 31 65 4.135749518112386
e 31 89 1.7280555212361581
e 31 90 3.701687472809046
e 31 98 3.993359957784182
e 31 102 4.5216333716967645
e 31 109 2.9379002574336917
e 31 119 1.3601592156699764
e 32 12 2.5311546108206286
e 32 14 4.9972794008082415
e 32 26 3.4550757277303035
e 32 42 4.508780542643373
e 32 48 0.0009682354672319038
e 32 50 2.0345203345347977
e 32 79 1.2824196573089148
e 32 80 3.882942394569499
e 32 83 4.651362300493306
e 32 92 4.510245063735007
e 32 103 3.3236132359275485
e 32 113 4.605418567390699
e 32 115 0.31772176047148937
e 32 119 0.7527774930209585
e 35 3 2.6818385600215793
e 35 6 0.7302550454109735
e 35 10 4.401019090859833
e 35 11 0.42806758725615124
e 35 12 1.0016591333341736
e 35 13 3.852373357987475
e 35 16 0.03396053594043602
e 35 19 3.3179053219008106
e 35 28 0.13580829755248047
e 35 38 1.4446504037342156
e 35 41 4.96767144881108
e 35 42 0.8067494846371798
e 35 47 0.2668332955249364
e 35 48 3.5196170507214575
e 35 51 2.8206306438525126
e 35 54 4.378305356479234
e 35 60 2.4275303768804286
e 35 64 4.914464366285005
e 35 74 2.7715154576214203
e 35 78 2.3311382013584674
e 35 81 1.8796054069838186
e 35 85 0.7214981163605533
e 35 86 2.8093364594254204
e 35 87 1.254427105219743
e 35 90 2.5425923805057398
e 35 91 1.4544054184527921
e 35 94 2.379496013245643
e 35 104 1.283536305526312
e 35 105 3.3668851240680056
e 35 111 0.06247352678691087
e 35 112 2.494368929576245
e 35 113 4.316024835728899
e 35 116 0.44124699325867156
e 35 27 4.892295834637113
e 35 29 4.9121551630287685
e 35 31 1.513957118589428
e 35 32 0.38753608410591944
e 36 0 2.926817731807747
e 36 3 1.5069342765462934
e 36 5 4.9493535221848814
e 36 9 2.984568904229458
e 36 13 3.7565542394756775
e 36 25 2.595799180941707
e 36 28 0.6158887789483047
e 36 33 2.822094098141326
e 36 34 2.797937462677961
e 36 40 0.6158123662900522
e 36 42 2.1935555812280496
e 36 43 3.318409287411737
e 36 44 0.07300691905845702
e 36 48 1.320720626121981
e 36 49 0.6400228020059218
e 36 54 1.1184861326257356
e 36 60 3.358311204511797
e 36 61 2.9669267364372875
e 36 65 2.9694764494171983
e 36 66 0.6768022358210157
e 36 67 3.781032310428838
e 36 73 0.9841196273363612
e 36 76 2.823022557510731
e 36 84 0.7025131715923649
e 36 87 3.3532868871605936
e 36 88 2.0921627587256837
e 36 91 1.1044501918070815
e 36 96 3.228532938184298
e 36 98 4.737991028608864
e 36 100 3.7871497263017218
e 36 102 4.836214790557112
e 36 103 2.0417590214402686
e 36 104 3.537615534259682
e 36 105 4.789185199926797
e 36 108 0.7111633520261168
e 36 109 3.2715570238578913
e 36 111 3.914767435714774
e 36 113 1.9138762394051616
e 36 114 3.6584513435712984
e 36 117 4.31934454538508
e 36 24 2.6118062599606655
e 36 27 1.1680214186283366
e 36 32 2.4778519823964933
e 38 0 0.2132706587490446
e 38 26 2.5197107893778377
e 38 115 3.9305639878788137
e 39 14 4.367905151286081
e 39 26 4.597967787974634
e 39 33 3.293431474354694
e 39 34 2.029562292936995
e 39 42 3.86522581968378
e 39 43 1.2359207341996126
e 39 45 0.07801232894747434
e 39 50 0.8245196710335834
e 39 65 3.0736368467074393
e 39 71 2.23474901519345
e 39 76 0.10455418745102363
e 39 79 3.4521909819173247
e 39 89 0.758418651573915
e 39 90 3.9024334558436538
e 39 98 4.420418055795087
e 39 102 2.478464116135382
e 39 109 1.1719814851738497
e 39 112 0.5037887017048742
e 39 31 2.8781685692483934
e 39 38 1.1262889100979052
e 40 3 0.24486651615740207
e 40 4 0.4149271686074857
e 40 10 3.3101361833702714
e 40 16 1.9947006156120672
e 40 25 0.7711667627198437
e 40 26 0.5853626248843247
e 40 28 2.3970949125239374
e 40 33 4.178855776201296
e 40 49 3.699284489630652
e 40 53 2.3013351678881744
e 40 54 1.042050677256277
e 40 64 1.066384800988902
e 40 66 2.732396840533467
e 40 72 0.8554402044674941
e 40 79 1.897818513916808
e 40 82 0.21990927040670905
e 40 87 2.2116238460311894
e 40 88 1.2771619284323172
e 40 91 3.2926120642085337
e 40 92 0.6388790979635112
e 40 95 4.669502024593869
e 40 38 3.6041351576581118
e 42 57 3.094522331699627
e 42 65 0.03169471543125024
e 42 76 0.323000924931644
e 42 104 1.9930362880896257
e 42 115 2.7161298542917187
e 44 3 1.6109330286210604
e 44 5 2.8992521495803025
e 44 6 3.9673952642628962
e 44 13 3.753804376910601
e 44 14 4.013789170407945
e 44 17 4.78066909833038
e 44 18 1.2680658677488648
e 44 20 0.2312335861771586
e 44 28 3.867865014249775
e 44 37 1.253978069579769
e 44 41 0.2502850676420715
e 44 52 4.557342093540652
e 44 53 3.2956997319019936
e 44 54 3.7177505976899154
e 44 57 1.959264125332592
e 44 58 1.7077585818282282
e 44 59 0.36739860869205
e 44 65 3.24512907028938
e 44 66 4.7865358839024195
e 44 68 1.575194658189207
e 44 72 1.2874781430126796
e 44 74 1.2723269740346903
e 44 78 0.1914876310774155
e 44 82 2.511975850984804
e 44 83 0.425258446766863
e 44 84 2.043712441567055
e 44 86 2.715462746638422
e 44 90 1.4433080013148047
e 44 93 3.4523842752402425
e 44 94 4.960092766679073
e 44 95 1.7761281449917692
e 44 98 4.674693829505278
e 44 103 4.510745979829419
e 44 104 1.3084196893532218
e 44 109 1.1404139923694545
e 44 115 4.812739654810628
e 44 118 3.8323244507649337
e 44 7 1.9834695226025039
e 44 27 0.814440229945464
e 44 31 1.1081291095564227
e 44 32 0.19849649810842418
e 44 40 0.5784720224341849
e 48 0 3.6657305093326107
e 48 14 2.0563635370063698
e 48 26 1.7028079607707207
e 48 43 0.6627441470569184
e 48 50 2.0069410238878578
e 48 60 3.8659879765733414
e 48 65 4.516217161875336
e 48 69 4.215535265318373
e 48 75 4.845370764103124
e 48 92 2.978361021577422
e 48 98 0.9413318722875463
e 48 104 1.631047648425756
e 48 113 4.249061449003299
e 48 115 0.16628266658704483
e 48 38 0.1913919860030916
e 48 42 2.0251964032730325
e 49 26 1.3638266192097963
e 49 55 0.5452983075301526
e 49 65 0.8144224975052622
e 49 69 4.054548887759553
e 49 76 0.1611225490976259
e 49 80 4.865613890057952
e 49 89 4.240116198142826
e 49 92 0.5027129949158943
e 49 98 2.6108306241681793
e 49 103 4.604557674024231
e 49 104 2.8686511143636757
e 49 115 1.7833483720462477
e 49 119 0.5124244868610112
e 49 42 3.342048959485781
e 51 6 0.3719479715350438
e 51 10 3.5877075761439627
e 51 13 3.6355254977830214
e 51 16 4.891305897939632
e 51 25 0.9787847776554243
e 51 28 0.3921590418825016
e 51 41 2.1477474018189784
e 51 43 1.9602183646855842
e 51 45 1.1871314143580465
e 51 66 0.994288990783066
e 51 71 4.152480238051472
e 51 74 0.5808423643539967
e 51 75 4.010436192929846
e 51 78 0.42965525348069356
e 51 81 1.0285020070237416
e 51 83 4.950964597177323
e 51 85 4.981154472405661
e 51 91 2.760902649205934
e 51 104 3.178827889305627
e 51 110 0.2647053744586958
e 51 112 2.47563410651847
e 51 115 2.9642315495748015
e 51 116 2.9586207414188
e 51 8 2.9739519950582114
e 51 15 1.6544606932184291
e 51 29 1.2270276167652021
e 51 48 3.786198786502996
e 51 49 2.5162531615041415
e 53 4 1.01172712627057
e 53 10 3.2511777358800114
e 53 26 1.2016707703358547
e 53 33 3.6820201617779844
e 53 41 4.494112493775521
e 53 43 4.3636919565007295
e 53 45 1.3836027112439597
e 53 54 1.5358912596444152
e 53 57 3.850691467336626
e 53 60 1.9831113457000753
e 53 64 4.46076433659967
e 53 69 2.425190122396379
e 53 74 1.2579274422072784
e 53 75 3.2826212590494115
e 53 79 2.4534507387729105
e 53 84 4.670537435932981
e 53 89 1.6537400447392931
e 53 90 1.642240553549339
e 53 91 0.9121144222343103
e 53 98 0.22262305391616
e 53 103 0.7980175842851556
e 53 104 0.6600878606830235
e 53 112 2.018113100149451
e 53 113 0.5493772897159122
e 53 115 3.312281279294461
e 53 117 0.27915022116984156
e 53 31 2.0097718906842537
e 53 49 0.6703576622923552
e 62 3 3.9180917181850643
e 62 4 2.22091243009313
e 62 6 0.24935792807989854
e 62 10 4.108046888158873
e 62 13 1.0924070525262102
e 62 19 0.6634535106004735
e 62 20 2.7622635798020316
e 62 25 0.7885424805792968
e 62 37 1.0721662142813837
e 62 43 1.485501633357561
e 62 46 3.585980761006067
e 62 52 3.4855136528328963
e 62 65 2.492554359402765
e 62 66 3.2681832823646846
e 62 67 4.394080442270875
e 62 73 2.0880475194321626
e 62 75 2.058234373148824
e 62 77 1.6892138357599111
e 62 79 3.5147587233539213
e 62 80 3.23889821803955
e 62 82 2.1242476608609233
e 62 87 1.4090158537491786
e 62 88 3.427830672338054
e 62 91 1.2550185720000395
e 62 92 2.3233309158961832
e 62 93 2.946629039166837
e 62 101 2.715599849308601
e 62 102 0.6122045227826894
e 62 103 3.301189193493486
e 62 105 1.602339096069119
e 62 107 1.4328868434049358
e 62 109 3.0154533529631906
e 62 110 0.6314882230588276
e 62 111 2.576494137972241
e 62 112 4.02886197238356
e 62 113 4.3707180512960555
e 62 119 4.596647679736796
e 62 27 3.3236650898488906
e 62 29 3.3040040034315417
e 62 32 3.208779936087031
e 62 39 1.6700001893538947
e 62 40 3.885322982182262
e 62 49 0.5335774060002646
e 62 51 4.8668707945830505
e 63 6 2.277881261149867
e 63 9 3.3935450732487715
e 63 16 4.924300276233669
e 63 17 4.47913835914199
e 63 19 2.7153538397011645
e 63 20 1.1653814696142994
e 63 26 0.8897082922997812
e 63 30 3.5531311087820354
e 63 37 1.6595813247690794
e 63 43 2.0736354316947003
e 63 46 0.949040589522116
e 63 50 2.122717149353625
e 63 57 3.0047028580615764
e 63 64 0.34606344795886257
e 63 66 2.1087362277800836
e 63 67 4.718242812071341
e 63 68 1.7745899435300632
e 63 71 2.3388967317427563
e 63 76 3.852111013155443
e 63 78 0.372640945285736
e 63 81 0.9765150225971436
e 63 82 1.4707891244240319
e 63 85 0.7763548919648189
e 63 86 0.13218460185232095
e 63 88 4.998378514381063
e 63 90 0.7400969777676053
e 63 96 2.114545389434283
e 63 101 4.657340795067481
e 63 102 2.5949789110446857
e 63 103 0.7985803794033536
e 63 107 2.8385781216723927
e 63 108 4.047219130251417
e 63 110 1.711062206967286
e 63 111 4.029264069519681
e 63 112 1.5248939637590042
e 63 116 0.9857217977041655
e 63 117 4.806502057548617
e 63 119 2.40372207069649
e 63 8 2.5106665347110906
e 63 15 2.8675569710011724
e 63 31 1.3171470375543393
e 63 32 4.194539755845925
e 63 35 2.0941070761905984
e 63 39 2.332963032018616
e 63 42 1.2811194843344516
e 63 62 1.6049369104923676
e 64 0 1.8565084291241858
e 64 14 0.5463277568266156
e 64 28 4.034951696092616
e 64 41 0.38168992524586165
e 64 43 4.197918239584342
e 64 55 2.278842678675858
e 64 65 2.3739418800861167
e 64 80 0.3903889858757159
e 64 89 4.957679363141663
e 64 90 1.1883738223064544
e 64 102 0.23613730191009485
e 64 104 4.4168249500130825
e 64 107 4.206098041487726
e 64 112 1.5284372779466182
e 64 115 4.134727579394716
e 64 119 2.393928513727646
e 64 27 4.856805772620711
e 64 32 0.6213049188122416
e 64 42 1.7845045684907141
e 64 49 2.7618152744222755
e 65 0 0.2561253885510817
e 65 26 2.9814889656770323
e 65 69 0.15112410404261756
e 65 115 0.4356718629109735
e 68 3 0.7008374431551467
e 68 4 4.436113935424179
e 68 12 4.3977859735769425
e 68 20 3.6844079634905413
e 68 26 2.3309158060672157
e 68 33 4.8250597564078195
e 68 34 2.1580814766431007
e 68 37 2.8527739579326026
e 68 41 2.9873516102313005
e 68 50 3.0852127690675917
e 68 54 0.6920514101535441
e 68 60 1.0910986405825356
e 68 71 4.67830002916911
e 68 72 4.487931782562964
e 68 79 3.4678386806212087
e 68 81 2.958159717250245
e 68 82 4.790560538225732
e 68 90 3.1032389678147214
e 68 92 0.9730101512874778
e 68 101 0.12164433655074025
e 68 102 4.963352319817464
e 68 103 1.446420814185999
e 68 111 3.1900352758842097
e 68 115 2.2127827022023654
e 68 116 0.5056662985854771
e 68 117 1.5298124014373382
e 68 118 4.2896721018521236
e 68 8 4.65410244904284
e 68 27 0.1343673366736342
e 68 31 1.9469305084852895
e 68 48 0.23894083457087711
e 68 49 2.145553071111112
e 68 64 2.3348775376341084
e 70 0 3.681457727325925
e 70 9 3.661755741064676
e 70 12 4.363588849321458
e 70 14 3.9840145254324377
e 70 17 1.0381900152418122
e 70 18 0.35212684565796126
e 70 19 1.9737143219882158
e 70 21 0.03183788492379602
e 70 23 1.4617118501666075
e 70 26 2.2347619510474814
e 70 30 3.166393882727383
e 70 34 1.8130627219011342
e 70 56 1.6066831970781577
e 70 57 3.0199011317893287
e 70 58 2.533424698992579
e 70 61 0.5623483827213005
e 70 69 3.8918946806272365
e 70 72 0.9314217345798942
e 70 76 1.502401845430827
e 70 78 3.3772217445753223
e 70 85 1.5150666219120863
e 70 88 4.046794571187203
e 70 90 2.305414320284793
e 70 91 2.6207828559089945
e 70 94 3.5858219287007156
e 70 96 3.3769971133487413
e 70 98 2.2191340404495117
e 70 100 0.12266813831984247
e 70 105 3.7635385887041983
e 70 107 1.831193255468344
e 70 113 1.4114369466333105
e 70 115 0.5186459366889207
e 70 8 1.7045509632506906
e 70 15 3.3550055282944506
e 70 27 2.6577771870432803
e 70 35 2.265810057464847
e 70 38 1.6255007730639077
e 70 39 2.6822969461262494
e 70 42 4.8488968738040565
e 70 44 4.588718356553486
e 70 48 2.8345010526619587
e 70 49 4.240706649772455
e 70 64 4.854407631760768
e 70 68 3.41605853697418
e 72 0 4.8117850697934
e 72 4 0.6253701735382988
e 72 12 0.4402708366530378
e 72 33 3.635698386262959
e 72 37 1.6651385035091844
e 72 43 0.19880695642525814
e 72 47 2.8999136507874868
e 72 54 0.8442745484901587
e 72 55 2.2954800015731083
e 72 57 4.6345904429015965
e 72 69 1.5045622069981972
e 72 80 0.7436178097873614
e 72 84 3.8101271222261444
e 72 86 0.1681173239538325
e 72 88 4.904385208965473
e 72 92 0.8443175844702533
e 72 94 4.047969068643888
e 72 95 4.588397739277762
e 72 103 1.8638727524644345
e 72 104 0.34140527866063586
e 72 109 2.602196019043669
e 72 113 1.6120290109844837
e 72 115 1.1750763826194515
e 72 116 1.714317615555609
e 72 117 0.2875057332390918
e 72 15 0.4981245330838546
e 72 31 0.5254020008955651
e 72 32 4.547283350233849
e 72 38 2.582548797819297
e 72 39 2.0538139111716847
e 72 48 3.7544130093308463
e 72 65 0.4883079292127984
e 74 26 1.4558291575610287
e 74 28 0.11574199551668274
e 74 41 0.16131991416120595
e 74 57 3.800898638996047
e 74 60 2.678898338456144
e 74 69 0.3315944217659761
e 74 75 4.889234302425549
e 74 79 1.0043892950428168
e 74 84 4.982297173676064
e 74 88 1.6279030208196295
e 74 90 0.7545060136266651
e 74 102 0.31155691543201747
e 74 103 1.9926162541777148
e 74 107 3.4015276838125086
e 74 109 0.9028276473419322
e 74 112 1.6423788227821123
e 74 113 1.1602385491070455
e 74 38 3.5503745153027126
e 74 48 2.1201310887101137
e 74 49 2.28047592186598
e 74 64 1.4302450080742601
e 74 65 3.47041675865682
e 75 0 2.4057137085127573
e 75 10 2.1183263185174717
e 75 12 2.563213777460198
e 75 14 2.7289840363329376
e 75 43 2.613943618047114
e 75 50 0.5010898745563247
e 75 57 4.2491558689744355
e 75 69 2.8016250454350384
e 75 80 2.8213263575902165
e 75 90 4.203651926886495
e 75 92 2.189161733541209
e 75 98 0.024101412077403572
e 75 104 4.412579080028166
e 75 109 0.883638763307365
e 75 113 2.851431285502523
e 75 115 4.341763220782292
e 76 0 0.24627637487624532
e 77 6 0.43621008446751985
e 77 11 4.230389456253901
e 77 26 4.619075663506548
e 77 41 0.7615931224375022
e 77 46 3.446722038353522
e 77 54 4.353037999977458
e 77 57 0.6102537357490001
e 77 60 1.3253160873672487
e 77 69 3.1168669906845006
e 77 81 3.4532032011740506
e 77 84 1.3728626488569602
e 77 85 2.1005540416765847
e 77 91 1.3081523041527832
e 77 93 1.5137220990939078
e 77 98 3.2361043100928084
e 77 102 1.1370204448858234
e 77 104 2.2125629316712074
e 77 107 1.5311247788864528
e 77 108 1.5889808826236906
e 77 110 3.6365446550266705
e 77 115 0.48078507978738305
e 77 118 0.5295707427478724
e 77 8 0.542434206410442
e 77 29 1.9634120080849709
e 77 31 1.8734217413161969
e 77 38 4.142657115702228
e 77 42 0.47698352372457953
e 77 48 4.843305961347865
e 77 65 2.2484453996443032
e 77 74 3.3924739700442004
e 78 4 3.2394653051512066
e 78 13 2.5510236674681206
e 78 14 1.381637385042314
e 78 34 3.315251202913025
e 78 46 3.8006711402560094
e 78 50 0.42071570308717887
e 78 54 3.1360360826829
e 78 71 4.671430016624455
e 78 80 1.2502188382053103
e 78 85 1.7722923711650824
e 78 87 3.741641273163995
e 78 88 4.717014031293488
e 78 90 4.121982107041766
e 78 94 3.3959394853853913
e 78 98 2.878214329595619
e 78 104 4.596350725662591
e 78 107 4.752965961267089
e 78 108 4.279109220753884
e 78 110 1.3251628397411825
e 78 111 4.921937108703248
e 78 113 2.7690525138123934
e 78 115 2.5972454488688785
e 78 116 0.09428703086787338
e 78 27 1.9537403391051578
e 78 29 0.08460374479644706
e 78 38 3.0008694853936015
e 78 39 1.6878539762720624
e 78 48 3.49885132723554
e 78 53 3.6333062055938643
e 78 65 3.9463255551201977
e 78 68 0.5843032906818263
e 78 74 0.15532910717458825
e 78 75 2.5786312947005396
e 81 4 4.766670749439781
e 81 20 3.309865762210979
e 81 28 4.496567141500638
e 81 33 0.6653506600481385
e 81 34 4.944421480242761
e 81 37 4.308392603339114
e 81 41 0.7567304832895233
e 81 43 4.7084460932561045
e 81 45 0.28294348894878085
e 81 54 2.1096313017688906
e 81 60 0.9305534379611224
e 81 71 4.056050537638148
e 81 79 3.67877539640292
e 81 80 2.504837773791659
e 81 83 2.2741655994216807
e 81 88 3.980979407667205
e 81 89 4.508366981522597
e 81 101 4.205188468854181
e 81 102 0.08570606201960151
e 81 103 3.782974523475434
e 81 107 2.77635766507409
e 81 112 1.5041174006678604
e 81 115 2.624784678013267
e 81 117 3.640386380195407
e 81 31 2.7481020335814055
e 81 32 3.1227226700747184
e 81 39 1.6686268569977247
e 81 53 0.3034359635379624
e 81 65 2.8935624456016207
e 84 0 2.3774533421527675
e 84 10 3.376409604884838
e 84 12 0.5204404335819734
e 84 14 4.218683254893093
e 84 55 2.443646994896254
e 84 57 4.262186208336901
e 84 89 3.8432162863121766
e 84 90 4.807374735937971
e 84 92 2.9826687315355245
e 84 98 1.4128137221760284
e 84 102 3.3465583929292064
e 84 104 3.0656141246433295
e 84 113 3.6737387913109747
e 84 119 1.957325062573928
e 84 38 2.3710433173613232
e 84 42 2.877166609091036
e 84 76 4.953833494815104
e 85 0 2.1159780823719156
e 85 10 3.230888436900215
e 85 12 1.0794165650425913
e 85 13 2.7997549975960796
e 85 14 1.2900782007498028
e 85 37 0.3104735206587905
e 85 41 2.7989568617350784
e 85 43 4.740325002993428
e 85 66 1.242209475866543
e 85 69 2.8683131816085568
e 85 71 3.1401501670140624
e 85 79 3.380978592262496
e 85 86 3.0114711497463427
e 85 88 1.7238905380479292
e 85 90 3.3259482290914515
e 85 93 3.6372866262832786
e 85 94 3.2478582157797042
e 85 102 1.7320215987392862
e 85 103 3.1886773171694167
e 85 111 2.615691141071629
e 85 112 3.2000946486460036
e 85 113 0.97665641706083
e 85 115 2.625470989021333
e 85 15 2.880636578477051
e 85 42 1.021340781153342
e 85 49 3.1128794285543253
e 85 65 2.8559342058105837
e 85 72 1.9599374920313868
e 85 76 0.5594586054914924
e 85 81 2.25666318485883
e 87 3 0.2424035219757431
e 87 4 2.5129746823959778
e 87 10 1.389637921231544
e 87 11 1.4020863361835623
e 87 14 2.7640441256262767
e 87 16 0.9668598541272233
e 87 34 3.8526184438437436
e 87 41 0.4097360791470045
e 87 45 4.24851400554643
e 87 55 0.8481033128155951
e 87 66 1.893862799960292
e 87 71 1.1095341719059848
e 87 80 1.7763986980340492
e 87 82 4.143712499959272
e 87 83 3.8019134592238704
e 87 88 2.5617909399480734
e 87 92 1.578409533636738
e 87 95 4.462943686834199
e 87 109 0.6913098124719413
e 87 111 0.8119557721918419
e 87 112 0.7362490309252162
e 87 115 3.508271070329987
e 87 8 3.147920306428768
e 87 15 2.935260518672493
e 87 27 1.4136993296386002
e 87 32 4.805338802467424
e 87 38 4.533555193263153
e 87 64 1.4087613061175759
e 87 74 4.098089528701761
e 87 81 2.0350148704436637
e 87 84 3.3489595968058183
e 88 10 4.866613213639898
e 88 43 3.6614563843566303
e 88 50 3.352779394961172
e 88 89 1.3918035780042288
e 88 92 4.983436519836394
e 88 98 3.877272017410078
e 88 103 2.2097233806183807
e 88 107 0.0030088510002290736
e 88 112 2.146431745537562
e 88 113 0.8560256076682193
e 88 115 3.43056110256951
e 88 38 3.293834627361853
e 88 42 2.9896212594049167
e 88 48 2.426924329518269
e 88 49 1.9896285500335171
e 88 65 4.255956380427206
e 88 76 1.682513094682148
e 88 84 0.8183517480635699
e 89 0 0.6086641575389273
e 89 26 0.9237935030005628
e 89 76 0.6048518567291189
e 90 0 1.0036203678363727
e 90 26 3.221409159170445
e 90 69 4.3056093728907605
e 90 38 1.8401355779979607
e 90 65 3.7816697226869875
e 90 76 1.2239006973265525
e 90 89 1.5614638047302405
e 91 0 1.9870447103286049
e 91 10 0.11384386026085158
e 91 34 3.5500518837643353
e 91 50 1.6230318010984612
e 91 55 3.862748572652235
e 91 83 1.1172368999846043
e 91 102 0.6452497290939468
e 91 103 2.732228439924066
e 91 42 3.371704317707238
e 91 89 2.554369244281256
e 94 4 2.3665703996592975
e 94 14 1.0788851460577438
e 94 28 4.39404243429886
e 94 71 0.5459078321975447
e 94 92 0.10147934836041206
e 94 93 1.3872867033236769
e 94 98 1.674920503964819
e 94 101 3.2630847086763732
e 94 102 0.6018569524758344
e 94 104 1.8004616081154101
e 94 107 2.443211248195886
e 94 109 0.07059501114903388
e 94 112 1.4062988457280983
e 94 113 4.736527865650594
e 94 115 4.575673158353058
e 94 32 2.8235486774961593
e 94 49 2.561410825095955
e 94 65 1.3704813404182703
e 94 74 2.741940861092625
e 94 76 0.7769615655875217
e 94 89 1.7397394190388504
e 95 4 1.013620188754028
e 95 10 0.15525075341860817
e 95 33 4.833473923232957
e 95 37 2.3762318364219186
e 95 41 4.33154980801501
e 95 43 0.9942108724753879
e 95 47 1.6677497964924486
e 95 50 3.218037419525031
e 95 57 0.5066004278283842
e 95 60 4.290124804037711
e 95 69 3.544980860149007
e 95 79 1.7402694639793048
e 95 80 0.9144167028356665
e 95 83 3.1794407231026196
e 95 98 3.9376922211201535
e 95 101 4.61884912496732
e 95 102 3.6836823042643303
e 95 107 1.1247749494301273
e 95 112 2.033171675468344
e 95 31 4.672787600046861
e 95 39 4.067494312635251
e 95 53 4.7676195056434665
e 95 65 1.090888224073863
e 95 76 4.060044626555211
e 95 84 2.979726930046063
e 95 91 2.0706777959753264
e 96 4 1.9126254364138613
e 96 6 4.220351778965997
e 96 14 2.3286305854731335
e 96 17 1.1743789140666467
e 96 18 0.6111144564533516
e 96 19 1.2977152086466188
e 96 20 2.4729811930017407
e 96 25 3.8430516071247
e 96 28 2.9333562295560505
e 96 41 2.643873338167186
e 96 45 2.907296842736598
e 96 55 2.65486225276928
e 96 69 0.5296948273677898
e 96 86 3.5819209643355263
e 96 103 1.9894430915280648
e 96 105 1.3434326831655363
e 96 108 3.161867391390838
e 96 113 0.7332121844259137
e 96 116 1.2557460133668186
e 96 8 3.3870801720324883
e 96 29 2.473966734051981
e 96 32 1.5706393471163893
e 96 40 4.642240710849174
e 96 42 3.450904504099468
e 96 48 0.7400025594362714
e 96 64 2.5795659841291934
e 96 65 2.14653774966235
e 96 68 2.8585836092010193
e 96 74 3.544740729529405
e 96 75 3.1143068685612048
e 96 78 3.3925832363165442
e 96 81 2.4583785437766714
e 96 85 0.19409340065732417
e 96 89 1.3012541716126207
e 97 0 2.390604529095496
e 97 5 4.310507267406139
e 97 6 0.2178364581070319
e 97 11 0.9217083320291919
e 97 12 0.20983490327907195
e 97 16 2.6385453965844152
e 97 17 3.123783882416202
e 97 18 2.715401297455541
e 97 20 3.371475512077846
e 97 26 3.9806724068152723
e 97 30 0.3754516237326333
e 97 33 4.481043283085972
e 97 41 2.3776332307047
e 97 45 2.8586197427857747
e 97 46 3.116481109226619
e 97 50 0.6767554620728067
e 97 52 0.4938385842384213
e 97 55 3.5582212388944736
e 97 60 4.920639107390985
e 97 69 0.5716899039815032
e 97 73 2.5460855542085072
e 97 86 4.442021315516658
e 97 93 3.482457220030562
e 97 98 1.5096078354677793
e 97 103 3.403310350113031
e 97 112 1.34079032013255
e 97 113 2.8190665604676757
e 97 114 2.852938036891235
e 97 115 3.5427361385623635
e 97 116 1.0529762790269104
e 97 117 2.392718407507541
e 97 7 2.8718490434011024
e 97 8 4.933440487541789
e 97 27 2.8008930358149358
e 97 29 2.7711249381731182
e 97 32 3.48700382676086
e 97 39 3.332185791847646
e 97 42 0.6357677155992719
e 97 53 2.0577175980280344
e 97 62 4.1424893956904425
e 97 64 1.5051182144547055
e 97 65 3.1509334938853013
e 97 72 4.0248978485788784
e 97 75 4.924648639425145
e 97 76 2.148998518889581
e 97 78 2.134753542904511
e 97 84 3.339834746933078
e 97 87 4.857969260331877
e 97 88 2.4322821990380747
e 99 5 0.9356721724152833
e 99 6 3.8074333485588685
e 99 13 4.681158817354791
e 99 14 3.758619359638153
e 99 18 2.311977896691515
e 99 20 3.7808541422258513
e 99 25 2.1567159019633744
e 99 30 3.4836972836741538
e 99 33 1.0315960491865024
e 99 37 0.19977359927478178
e 99 43 2.2108687719071023
e 99 46 0.6895570822449792
e 99 47 0.5809542696464853
e 99 58 0.32998861901932797
e 99 61 0.9740655923419833
e 99 66 4.890805426359054
e 99 67 4.529660829130528
e 99 69 3.9327819401345976
e 99 71 3.1868596299290375
e 99 73 2.951274313262405
e 99 79 0.9591870069769171
e 99 86 2.42269095477893
e 99 102 0.7837039248662336
e 99 105 1.4504365834513033
e 99 111 4.39420400839132
e 99 112 3.75336050514738
e 99 114 0.0773711069853178
e 99 115 4.011467046474284
e 99 116 1.5280568846466331
e 99 117 0.7248287253334634
e 99 119 4.071000852753921
e 99 8 4.590111897005024
e 99 27 1.9980212344448662
e 99 31 4.760637481782487
e 99 32 2.572516825971616
e 99 38 2.4031245675645136
e 99 39 0.5121727618863159
e 99 53 2.905784897819554
e 99 62 3.386345455648763
e 99 63 1.404307212960656
e 99 64 4.8924661503011695
e 99 65 1.8266003712619066
e 99 68 3.1047382624500512
e 99 72 1.549312621244211
e 99 74 2.98877846818586
e 99 75 1.501131037537502
e 99 84 3.310949571983474
e 99 85 1.4292263206045637
e 99 90 3.8849997142845694
e 99 95 3.413933777171353
e 100 1 0.04125209128827523
e 100 3 2.369116600411578
e 100 4 1.1641653161691372
e 100 6 2.2569644023076343
e 100 11 0.22586435527772675
e 100 12 3.8817094620550923
e 100 17 1.1864783532795475
e 100 18 0.9288953026088198
e 100 25 1.455698805558367
e 100 26 0.37378853346620944
e 100 30 0.18788739961617562
e 100 33 0.7411359054339561
e 100 37 0.20060907816886242
e 100 43 1.8467163519874457
e 100 50 4.640868691575446
e 100 54 3.928885508058448
e 100 55 0.5510233320732089
e 100 56 3.610911168628739
e 100 61 4.819977820934069
e 100 67 1.8932329174517926
e 100 73 3.6368687496918044
e 100 79 4.193611874258538
e 100 86 4.279492405313575
e 100 101 0.24804395389434075
e 100 105 3.9505430191399205
e 100 107 0.4301666476763877
e 100 110 4.952294274834871
e 100 111 4.9585213096605365
e 100 112 3.709061716350399
e 100 15 4.7198033289098404
e 100 24 3.4020619924878597
e 100 27 4.945223142763478
e 100 31 2.311440640575558
e 100 38 3.039445239962803
e 100 39 2.312139039447234
e 100 40 4.2466889105748065
e 100 53 0.5056401203027466
e 100 62 4.5110830387874925
e 100 72 3.025020918298445
e 100 78 1.2746689005442557
e 100 81 1.223469006128937
e 100 84 1.5020852937718288
e 100 87 4.410136193926435
e 100 91 3.0201124263922736
e 100 94 0.18994460530428414
e 101 0 0.9625095948082191
e 101 4 1.324171826216229
e 101 10 2.439160414684072
e 101 12 1.4932728966939202
e 101 14 1.1756069887050413
e 101 28 0.6440464920212458
e 101 34 4.103613402382002
e 101 43 1.8363983181553878
e 101 54 1.5691061252195437
e 101 57 4.019233439309301
e 101 60 3.3316001938621724
e 101 69 4.773888336576612
e 101 83 4.485636916951356
e 101 98 4.035205867592219
e 101 103 1.9562425660044185
e 101 104 1.8442340274290447
e 101 113 4.722009705779185
e 101 117 1.1876254989357156
e 101 31 1.6268399931261897
e 101 42 3.710296460460074
e 101 48 1.201262362250226
e 101 49 0.6568434692634961
e 101 65 1.4763169136200072
e 101 74 1.3532769449884008
e 101 75 2.4824685476637214
e 101 76 3.216747505307259
e 101 89 4.003850028497608
e 101 90 3.5371062098776997
e 101 91 2.6243256462668607
e 102 0 1.1571031982679854
e 102 57 1.1324302253304308
e 102 115 3.048321827584362
e 102 38 0.026513917248025543
e 102 65 0.926409084054049
e 102 90 0.8091326527309411
e 108 3 1.743255861538679
e 108 10 1.1665257323747735
e 108 13 0.7780683152110934
e 108 26 3.726664738417117
e 108 34 0.8664448452816825
e 108 45 3.687039767298339
e 108 47 4.187650568320702
e 108 50 2.009935442507047
e 108 54 4.839618517986999
e 108 55 0.5520800968255413
e 108 60 2.0657978958561514
e 108 66 1.7080487921076848
e 108 71 4.371637874877696
e 108 73 1.3232313181556288
e 108 86 2.1581192710143116
e 108 98 3.1791245977835105
e 108 112 1.2489935985481992
e 108 115 1.9758521651465726
e 108 117 1.5904527747878372
e 108 118 4.112515339491428
e 108 39 3.2092322522772414
e 108 42 1.00267827587171
e 108 49 1.471975293764121
e 108 72 0.5926816667154472
e 108 74 3.1437040248879566
e 108 75 0.8429279744768808
e 108 81 4.569882921691092
e 108 88 4.579104789646562
e 108 90 4.265602373428433
e 108 95 0.3971972000781465
e 108 102 0.7957191412933223
e 115 0 0.12872481112251755
e 4 10 0.30974224926385463
e 4 14 0.20463072368630764
e 4 28 0.5507450532377833
e 4 34 1.8652224960234616
e 4 50 1.8389250058085476
e 4 60 1.988066818339006
e 4 83 2.154985567257406
e 4 92 1.5361636647958328
e 4 104 1.8683899443770806
e 4 107 2.7512468237769334
e 4 109 1.0439033081008535
e 4 113 2.692558257538157
e 4 119 3.649058162674038
e 4 32 1.1482807744884127
e 4 48 4.071033420436802
e 4 76 2.8760622131871822
e 4 91 2.3968170841122727
e 5 13 1.5308833926030458
e 5 14 2.1768497755294707
e 5 16 0.5005333951658381
e 5 26 2.8318121308930544
e 5 41 0.14492671491569076
e 5 43 1.5920638914429257
e 5 50 3.973370312930189
e 5 60 1.8646486052720186
e 5 66 4.9617379362839165
e 5 69 0.6135174696831852
e 5 79 0.5298463400822501
e 5 83 1.4610510065750888
e 5 93 1.6519166277429742
e 5 103 3.5861112014657586
e 5 109 2.245956157224315
e 5 111 4.81194283994066
e 5 112 1.2067218001860824
e 5 118 0.21218811885181432
e 5 8 1.6430276703114222
e 5 32 1.2148661644855652
e 5 42 3.274846335314212
e 5 48 4.109477247782227
e 5 49 3.0984693626639848
e 5 74 4.310320840243537
e 5 75 2.1122328931398595
e 5 85 4.8248286030431125
e 5 89 0.22941824534192523
e 5 90 2.7775300628048303
e 5 94 2.6518625916637206
e 12 10 1.546985079316055
e 12 26 1.1696913349718314
e 12 43 3.599539123415119
e 12 69 4.334115545062952
e 12 80 0.07499838475073739
e 12 83 4.058373874126527
e 12 104 2.9962356116366475
e 12 109 2.196708120320353
e 12 119 2.721468943414699
e 12 0 3.9129035326288264
e 12 38 1.0529553025876581
e 12 49 4.3515446115156635
e 12 65 1.613099009403406
e 12 102 2.7252068879724582
e 16 3 4.116239471882369
e 16 10 1.5060657960287027
e 16 28 1.3942062220747449
e 16 50 4.952648151247122
e 16 54 4.541761945510907
e 16 66 3.3266810121354755
e 16 69 2.439999754063989
e 16 71 0.10883516731023779
e 16 82 0.2696551979384987
e 16 86 2.1189530307537345
e 16 98 1.841150211928153
e 16 103 3.7235775248386838
e 16 107 0.4340406784388884
e 16 111 3.5461432525090375
e 16 117 0.12051765074281962
e 16 8 4.165477111750698
e 16 31 2.880190147534838
e 16 38 4.266145921490812
e 16 48 0.7713584150536396
e 16 68 2.3513316768456365
e 16 74 1.0727646293362691
e 16 75 0.8192289506589268
e 16 76 3.8605678737892783
e 16 85 4.195639839419658
e 16 88 1.7145809624801096
e 16 89 1.816063518428277
e 16 91 2.096966534119966
e 16 101 0.3867448143695823
e 16 12 4.706556766909072
e 17 3 3.8929894071352464
e 17 13 0.4857773114025876
e 17 19 2.342038596815086
e 17 20 4.734543261427947
e 17 37 2.730361147415859
e 17 41 2.4913303141513596
e 17 45 0.40883151744006085
e 17 46 1.2453905075935678
e 17 47 4.975401613270187
e 17 60 3.2195786216711744
e 17 66 1.4630190546555122
e 17 69 0.5321122936499145
e 17 73 1.255552341762426
e 17 86 4.585260073420666
e 17 92 3.044380917466338
e 17 98 3.372783438331941
e 17 103 3.3863034277306845
e 17 104 2.017840473390155
e 17 105 3.158961976079306
e 17 109 0.9798565633696493
e 17 110 2.5822166226597036
e 17 111 4.429684747499549
e 17 119 1.2962307904094978
e 17 7 4.279659366898852
e 17 29 3.2851179854791095
e 17 35 2.9099929869548657
e 17 42 1.4477875622787466
e 17 53 4.56981470400213
e 17 68 2.2262493927562077
e 17 72 2.7218403820595514
e 17 74 2.085581346025471
e 17 77 3.6297815095458823
e 17 81 2.081113364525554
e 17 84 4.860173477212283
e 17 87 4.66841393706768
e 17 102 1.8116042596245268
e 17 4 2.3547283388058555
e 18 10 4.553292487706063
e 18 19 0.028234200171491364
e 18 25 2.1024670481975924
e 18 28 4.861686179812655
e 18 33 1.2403632092602264
e 18 41 1.5541732560434989
e 18 45 0.08856691429901364
e 18 50 3.7846037300540676
e 18 57 3.193934517432568
e 18 67 3.9089324713176015
e 18 69 1.6332373069713624
e 18 71 0.3183155890853301
e 18 79 0.4526672141020288
e 18 80 3.1616251807080538
e 18 82 0.06489268966384631
e 18 110 2.906654288372004
e 18 111 4.339223623163839
e 18 118 3.37623954088949
e 18 119 0.1648099731173619
e 18 7 4.293622955806325
e 18 8 4.659599577583921
e 18 27 4.775178790102755
e 18 31 2.085581259314659
e 18 39 1.3691274773086985
e 18 51 4.038891014841181
e 18 53 2.859376707476742
e 18 65 1.0343758026286454
e 18 68 1.9181714119146016
e 18 72 1.1430019085993153
e 18 75 3.156532210587205
e 18 76 0.6848732232261667
e 18 77 2.728750546980187
e 18 78 2.798330671693426
e 18 87 1.2913463577861495
e 18 88 1.292850663983608
e 18 89 3.435972331689549
e 18 91 2.2296397233371468
e 18 95 1.5936859314947012
e 18 101 0.4822375227595238
e 18 5 0.5781821962668787
e 18 12 4.684955464782655
e 19 11 3.701927379743453
e 19 33 1.438719748141148
e 19 45 3.102867976338338
e 19 46 1.5216660815137102
e 19 50 4.852312152596363
e 19 54 2.0756004507019328
e 19 55 1.0915903950553685
e 19 80 0.4054987060815268
e 19 82 4.495264665375497
e 19 104 3.683361287400251
e 19 105 4.443828438469702
e 19 110 2.4419024380386887
e 19 112 4.41621108462317
e 19 116 0.27043632935215056
e 19 117 1.0845248602403363
e 19 118 0.3025362741104126
e 19 7 2.978443567314144
e 19 15 3.4088477135970274
e 19 27 0.7177707000864025
e 19 39 1.7431184421634978
e 19 48 1.808495389964856
e 19 53 2.3415734639306605
e 19 74 2.553183882703523
e 19 84 1.5577374795504395
e 19 87 2.2092651773826955
e 19 90 4.565347048888751
e 19 94 2.910143911217062
e 19 95 1.5804086625128262
e 19 101 1.0692253134147252
e 19 115 1.7387655063707004
e 19 4 3.1604088736450455
e 21 3 0.19255867692651196
e 21 9 2.290172252440899
e 21 11 1.7903115323934748
e 21 13 4.322095158665325
e 21 14 2.0281740916277573
e 21 26 1.0236771295056324
e 21 28 3.726211861535007
e 21 33 4.604383377502171
e 21 45 4.999417021964593
e 21 46 2.9634148778092806
e 21 55 3.038512287120982
e 21 56 0.16282565072896105
e 21 57 2.833249441031303
e 21 58 2.8672787132863506
e 21 59 3.45607477299954
e 21 60 1.7412308110091523
e 21 66 2.1397561469236113
e 21 67 0.5867952858951597
e 21 69 2.3406157026733956
e 21 79 2.041796080963266
e 21 86 1.7087849729999411
e 21 98 2.7803435266725716
e 21 109 4.315512523503394
e 21 111 0.5770799293214746
e 21 119 3.7138375101485455
e 21 7 0.07086919140056214
e 21 8 0.4478446617733317
e 21 35 4.864336473812671
e 21 38 1.041312311085416
e 21 40 3.8020334345464004
e 21 48 2.5607857022433
e 21 49 4.359371435338236
e 21 53 4.213126815517122
e 21 62 1.4886986456214912
e 21 68 3.6749261747134163
e 21 72 4.678979573465397
e 21 74 1.81277283117948
e 21 75 1.2903197744999462
e 21 81 4.001320622297449
e 21 85 3.677112245040426
e 21 88 0.41995421792872634
e 21 91 0.956587213125269
e 21 94 2.3033774925992545
e 21 97 2.084390156716549
e 21 99 1.479665447731634
e 21 100 4.772210331139738
e 21 101 1.318073316297192
e 21 102 0.5631028827590906
e 21 108 2.5138215633753975
e 21 18 3.2963715332270755
e 25 10 3.7335950365363155
e 25 26 4.6888684317078475
e 25 28 0.7154245579482588
e 25 37 2.2844923630869642
e 25 41 4.986429811093776
e 25 69 4.040373269627226
e 25 83 2.9900076227283074
e 25 86 0.3576983521027355
e 25 93 1.2446283908506723
e 25 118 3.979989407050345
e 25 27 2.7959094751366136
e 25 31 4.025642741346573
e 25 38 1.6248845710465043
e 25 42 1.8377897757855988
e 25 48 4.6540133953773655
e 25 49 2.3500118742847906
e 25 65 0.7596809401439986
e 25 75 2.8536657528020153
e 25 81 3.1797381708001655
e 25 84 0.560604233602206
e 25 88 2.207328324071933
e 25 94 2.434014010955268
e 25 101 4.933552708348467
e 25 108 0.3838285434768923
e 25 115 3.963548237654048
e 26 0 0.18208637139729922
e 34 98 2.15591058040105
e 34 0 4.131861232383505
e 34 65 1.7582246056890334
e 34 90 3.6018129504132412
e 34 102 3.033742224130576
e 34 115 0.6513286316938838
e 34 26 0.5486810038602458
e 43 10 0.4099720032483556
e 43 80 4.657903757542605
e 43 98 3.0971013682291093
e 43 104 1.577148756743541
e 43 0 1.6291290228747002
e 43 65 2.365124198555895
e 50 10 1.8577069595554256
e 50 55 0.5668637429205076
e 50 57 4.164771061812903
e 50 109 1.523644935050155
e 50 0 2.1659224284034635
e 50 76 1.5213355138276552
e 50 115 3.605408554481533
e 50 34 1.4963392796894015
e 52 3 1.6553200481888193
e 52 6 4.5539815285108265
e 52 10 3.035328416932501
e 52 13 4.2427459601879365
e 52 14 4.785858189272249
e 52 33 1.2695597823788036
e 52 46 1.0012266405643255
e 52 47 3.5421275798535907
e 52 59 1.6148131562855124
e 52 66 4.4399675183773715
e 52 69 3.95739965520026
e 52 79 2.682633916122066
e 52 86 0.26536043977787915
e 52 93 4.127095054241487
e 52 118 2.589751640310705
e 52 119 1.52985794663083
e 52 7 3.286204829267156
e 52 8 1.5967322267443185
e 52 38 3.609311338827798
e 52 49 0.49800958202602885
e 52 65 4.450137676999381
e 52 68 1.92091824971804
e 52 72 0.1141878017260578
e 52 115 4.495624718281796
e 52 5 3.1311049221774168
e 52 12 0.8862646696373594
e 52 50 0.8359350477940386
e 55 69 4.973676278459595
e 55 103 3.144981846104761
e 55 42 1.6458659171736723
e 55 65 0.16211619334407956
e 55 76 1.8746311140727152
e 55 89 2.90900905578986
e 55 90 0.5846582477392431
e 55 102 4.845555669712487
e 55 26 3.3918329131962195
e 57 38 0.027496233143141646
e 57 65 3.775206552925283
e 57 26 3.009501162757599
e 58 3 3.26537100550853
e 58 33 4.538160194903949
e 58 41 2.9324046075197066
e 58 46 2.4039584768793665
e 58 47 0.5741201752124286
e 58 59 3.448375218475749
e 58 66 4.548175250601899
e 58 83 3.2320590427965956
e 58 105 1.2048804747084585
e 58 111 3.021925166394933
e 58 113 4.510869870709089
e 58 116 2.97173504005874
e 58 117 2.587992146213754
e 58 7 4.547665857810779
e 58 8 4.132507940718876
e 58 15 4.327666984887576
e 58 27 3.22731442355492
e 58 31 2.9665012006261176
e 58 32 1.4319558251421811
e 58 39 3.02268887246808
e 58 51 2.7686981536059263
e 58 74 2.53270870833306
e 58 75 0.5366735127053607
e 58 77 4.718616007199687
e 58 87 0.5650495898423763
e 58 88 4.4832873680299965
e 58 89 3.026123619236211
e 58 90 4.649777245534048
e 58 91 2.295770186138228
e 58 5 0.7748177643976667
e 58 18 2.6828848924131075
e 58 26 4.523681068720537
e 58 34 0.9221433690417524
e 58 43 2.313304121269786
e 58 52 1.3641439794744359
e 58 55 1.9121547157472714
e 58 57 1.9437306775094636
e 59 3 0.5204619919430908
e 59 60 2.6086442309978053
e 59 66 2.4895677271962384
e 59 80 0.9888885302042266
e 59 92 1.195009832714612
e 59 103 4.483312567930375
e 59 117 0.31393485501711615
e 59 119 2.166166883333338
e 59 7 0.6034453717031585
e 59 8 3.8751233990547385
e 59 29 4.390545401262328
e 59 35 4.548521063933201
e 59 39 2.764837120391681
e 59 42 3.8420743845200143
e 59 65 4.176353296428467
e 59 68 4.180948369492499
e 59 74 4.395398505050646
e 59 75 2.860279065304483
e 59 76 3.212763473627364
e 59 78 1.3503638905018533
e 59 84 1.0805772410006242
e 59 95 2.2124397042601025
e 59 101 1.5542160067244548
e 59 4 2.7797854347379096
e 59 25 0.9711509231967963
e 59 26 1.5142193289790606
e 59 50 1.7282773542098129
e 59 57 2.726650088149247
e 69 0 0.884069433267009
e 69 76 1.1330240926605983
e 69 89 4.244929791573927
e 69 115 0.055695973217095296
e 79 10 4.965503525309025
e 79 14 3.1655604984401813
e 79 41 1.7809863969514623
e 79 80 2.5331912633508336
e 79 104 1.970949591054651
e 79 109 3.225381632551081
e 79 0 4.735754461908634
e 79 31 1.3577990564372833
e 79 38 2.663246222884678
e 79 65 1.7624262272387088
e 79 89 2.65628776264839
e 79 55 1.1306059077850157
e 79 57 3.95561562269516
e 80 104 0.2835389507970626
e 80 0 1.0281672176585959
e 80 65 1.042356980623354
e 80 76 4.061961607500021
e 80 90 1.4588997115001112
e 80 69 0.6156715764501219
e 86 3 4.813226576201252
e 86 13 2.241401948241039
e 86 14 1.7760969039607772
e 86 28 3.562158795225865
e 86 41 1.1273730935507658
e 86 45 2.45541336590351
e 86 47 0.9283404866799572
e 86 54 3.847190369688383
e 86 60 1.065515767441969
e 86 83 4.943274100570269
e 86 92 0.802599760893577
e 86 111 3.3748640557875014
e 86 112 1.8031995220804604
e 86 116 1.3280287065145107
e 86 15 1.1623061052338524
e 86 32 0.5455532471981639
e 86 74 4.187445389624782
e 86 75 0.49866318815727007
e 86 76 3.016608645618481
e 86 81 3.7072597678086683
e 86 90 2.197682059474309
e 86 91 3.3287935317519954
e 86 95 4.234408859092479
e 86 102 2.0726147699253614
e 86 4 1.8140792510005954
e 86 12 4.335596406569068
e 86 50 0.21360840805314585
e 86 57 0.5797625159379632
e 86 79 0.490423847403737
e 86 80 1.9422977385041067
e 98 119 2.3471197850378123
e 98 0 0.716963992095192
e 98 65 0.41297530294704843
e 98 90 2.888356970929224
e 98 102 3.44296195782733
e 98 57 3.466970611470763
e 104 0 1.0582518315355893
e 104 57 4.121685830515402
e 106 1 0.1701399306644924
e 106 6 1.600824958073187
e 106 9 0.18477138065556453
e 106 13 4.4052480924309005
e 106 37 3.494770485114638
e 106 45 4.59313333688089
e 106 47 3.7407373710971967
e 106 54 4.793559755534646
e 106 56 4.837568314561841
e 106 67 1.2833041847269755
e 106 73 3.182461765967903
e 106 107 1.1318853491307967
e 106 110 0.5812887391459398
e 106 113 2.066679569799667
e 106 116 2.8118376665021922
e 106 119 0.5357179381218569
e 106 0 4.168506335092231
e 106 7 3.8946346252731274
e 106 31 2.4185138096355487
e 106 35 4.045082481136312
e 106 38 0.9965463492654086
e 106 39 2.1421424440193793
e 106 40 2.095214258112387
e 106 42 2.3277710823504187
e 106 44 1.7145946868353006
e 106 62 1.0501335814588737
e 106 64 0.8448045092479933
e 106 65 4.502558695585476
e 106 68 4.940410543007387
e 106 74 3.22976138093288
e 106 81 1.2761917140561785
e 106 85 0.2705338863804718
e 106 90 4.232816091445485
e 106 96 2.3104808489298403
e 106 99 0.02117125009113152
e 106 102 3.8811248313925684
e 106 12 2.3544628361658826
e 106 16 1.5841970349247143
e 106 17 0.8079783012029035
e 106 52 3.8379802582976086
e 106 55 2.3644717726066933
e 106 58 3.1263452048246823
e 106 80 1.202999373562747
e 113 10 2.2719410871588606
e 113 83 0.35142766659018443
e 113 92 1.3090495165122007
e 113 103 3.7142112824204903
e 113 109 0.29554336638541345
e 113 0 2.56404332188797
e 113 38 4.594754694333028
e 113 65 1.8046377609385695
e 113 89 4.098804917723821
e 113 90 0.7685980594212088
e 113 91 2.5003637486068495
e 113 102 4.606800016322882
e 113 34 3.5398049629074526
e 113 55 0.1136257686700648
e 113 57 1.2967547906864314
e 113 98 0.048251416538829806
e 117 14 0.08724893746900497
e 117 54 4.294460332062949
e 117 60 0.1580682760804214
e 117 103 0.2567859630295355
e 117 109 1.7262811721880937
e 117 27 4.670300805459372
e 117 31 4.238902527284901
e 117 42 1.7947664515090982
e 117 48 2.784993672261394
e 117 76 1.7133776807084278
e 117 90 1.6498717265042044
e 117 91 0.15450160629746412
e 117 102 3.435132121884284
e 117 12 0.4049990818488125
e 117 43 1.199458903983065
e 117 50 3.511213517559396
e 117 55 4.929057642634284
e 117 80 3.9593989013026136
e 117 98 4.067147019200342
e 118 3 3.9714741296157112
e 118 14 3.8270308879630903
e 118 28 3.9413952033091078
e 118 33 1.8045789622053887
e 118 37 3.880111956017738
e 118 41 4.064361128574084
e 118 45 3.995327968795243
e 118 47 2.0478096931606684
e 118 54 4.04143689601651
e 118 83 1.8873928615191993
e 118 109 0.7032071718684435
e 118 112 1.3377315551724045
e 118 15 3.319757057123284
e 118 27 2.4764881433034702
e 118 31 0.7748878321783104
e 118 42 1.002713886540516
e 118 49 0.6142253475615589
e 118 64 1.390316216293409
e 118 76 2.6207974095712
e 118 84 2.0685245138177457
e 118 90 1.6557470168471227
e 118 94 4.593739970315923
e 118 101 0.9600568019985745
e 118 102 2.8010530923388726
e 118 26 4.485891300609679
e 118 43 3.259022681640876
e 118 104 3.4900035941390724
e 1 13 4.698087202363948
e 1 20 1.4729397017169417
e 1 28 2.457951313502373
e 1 47 1.256962780374704
e 1 54 4.879420924579164
e 1 73 1.8500093709994987
e 1 103 0.5800540991437103
e 1 107 3.894681748989823
e 1 8 1.2701185327746778
e 1 24 2.867257389487498
e 1 31 3.9760059921574427
e 1 44 1.1140373951234044
e 1 49 1.5997797080010119
e 1 63 2.3246719169481604
e 1 64 0.10348164277637628
e 1 65 1.895991301187786
e 1 72 0.41793036836222985
e 1 77 2.026036122372698
e 1 85 2.427016737092595
e 1 89 3.5418296979056745
e 1 91 1.9863047940271255
e 1 101 3.9423420618975227
e 1 102 4.7814579931216175
e 1 108 1.4707578404776216
e 1 34 4.691292734834428
e 1 43 2.1060190461043486
e 1 57 3.172933831935299
e 1 59 0.31662562280444007
e 1 80 3.6905587992132345
e 1 104 4.340131957275092
e 1 118 4.1036889008281205
e 6 11 4.554653948896995
e 6 13 4.064601011386461
e 6 14 2.115375104286196
e 6 82 3.976025259998874
e 6 110 0.02097492847693838
e 6 111 3.8152935778976276
e 6 8 1.9058894034198253
e 6 39 4.5898914573444465
e 6 42 3.873454173129716
e 6 53 0.976549053019356
e 6 64 3.526636352663494
e 6 72 0.5073503466828083
e 6 74 2.0613226374084457
e 6 75 4.839158171351535
e 6 84 1.4921554444247953
e 6 88 3.8788500939142487
e 6 94 2.530684850582726
e 6 95 4.508590635779718
e 6 101 4.178169021966262
e 6 102 3.6659919265316923
e 6 34 0.17541129093065988
e 6 55 3.5633547047447642
e 6 69 3.9558962828912714
e 6 79 1.234147236876098
e 6 86 0.27213112652045124
e 6 118 4.332964072178759
e 9 10 3.80004888873788
e 9 11 3.4115472975693035
e 9 14 1.093348093797195
e 9 33 0.9478931974113008
e 9 46 3.6083853801517214
e 9 54 0.8705202632825781
e 9 60 3.9343816456087435
e 9 82 2.531316925656177
e 9 93 4.958744549056483
e 9 103 1.7919323631054918
e 9 105 2.1542513509534627
e 9 110 1.6632347473637759
e 9 112 4.85247674110091
e 9 8 3.0594393672080473
e 9 15 1.614005471720788
e 9 24 0.8312049836887303
e 9 27 0.5803538168972927
e 9 31 2.550597114882416
e 9 32 4.239645542504585
e 9 39 0.7575059125455008
e 9 40 1.6524695943294632
e 9 48 1.107710773300834
e 9 49 2.435147729186178
e 9 51 3.014683977269338
e 9 62 4.679365589764217
e 9 64 0.5847138760497128
e 9 68 0.15477335701775674
e 9 74 0.7180405780028187
e 9 77 3.8093938209947433
e 9 78 2.697443000894806
e 9 85 4.558017472220466
e 9 91 3.356367879742171
e 9 95 4.694996687222898
e 9 96 4.845538919492046
e 9 108 3.2748926674056547
e 9 12 0.3972618327512195
e 9 16 1.841766460966543
e 9 34 4.500746085943921
e 9 50 1.5558160924493807
e 9 59 0.5407647929758042
e 9 69 2.995651013655656
e 9 79 4.705007171107899
e 9 80 2.921706599793208
e 10 38 1.507875956051861
e 10 42 3.4834825683298014
e 10 65 0.593279482977565
e 10 76 0.09803875298701636
e 10 89 1.918374964578355
e 10 26 0.31161755819778203
e 10 57 3.070560967556133
e 10 69 1.050211540414393
e 10 98 1.1002156830115861
e 11 20 1.9440304070824883
e 11 28 2.2638615027054887
e 11 33 4.411085081591124
e 11 37 1.7056529089359451
e 11 41 3.8984546646197087
e 11 45 1.1233270934968331
e 11 83 3.9839452815168186
e 11 112 2.672300513381204
e 11 119 4.768230146933575
e 11 8 2.0093003303499133
e 11 15 2.275344265372988
e 11 32 4.455005322003379
e 11 39 0.07006503020043575
e 11 53 2.4572922167778026
e 11 65 1.0731831951042685
e 11 72 1.4255461331782509
e 11 75 2.721807801219915
e 11 76 1.0878895326489264
e 11 84 1.038458201675096
e 11 90 2.8179610361214653
e 11 95 1.764341250668871
e 11 101 2.010561173766725
e 11 4 4.654577430911171
e 11 26 2.1688175812932946
e 11 34 4.726518760301182
e 11 98 2.701461603826263
e 11 117 2.3959535169102213
e 14 109 1.1450716458278505
e 14 0 2.6215630262311267
e 14 38 2.569499086770668
e 14 65 3.650101910877161
e 14 90 2.022258383542306
e 14 102 3.5423551487649623
e 14 115 0.3128185523956528
e 14 26 2.4954106158986997
e 14 34 3.644737184753123
e 14 43 4.220695600129277
e 14 50 4.45546081181877
e 14 55 1.4722798755771276
e 14 57 0.38754223999624415
e 14 98 2.919034913103796
e 23 13 2.015809204373211
e 23 30 0.9304278974194408
e 23 71 2.023029426363297
e 23 73 2.702909788465264
e 23 92 3.6174571437350487
e 23 103 3.7792290901068877
e 23 111 2.3146249693846404
e 23 116 1.9620048739543976
e 23 119 3.3765304061751045
e 23 0 4.095070657100116
e 23 8 3.8583222743342267
e 23 15 1.2721884948068585
e 23 31 1.7747762351397327
e 23 36 1.9693048004006752
e 23 44 4.457699728212086
e 23 53 3.1820757057518807
e 23 65 3.255436720817943
e 23 74 3.2568487808898148
e 23 75 0.17857244718801069
e 23 77 0.9426080913737223
e 23 78 0.5338669048826139
e 23 88 3.4862944826586615
e 23 96 2.4807100344262842
e 23 100 0.5999549021192496
e 23 115 2.863913011415356
e 23 4 3.08257132549957
e 23 17 2.6784261727096887
e 23 34 3.681721148883261
e 23 59 1.148676631853382
e 23 69 3.3236485006669514
e 23 79 4.637014192375398
e 23 80 4.555373849903498
e 23 117 1.834527152216519
e 23 1 3.8187936544634207
e 23 11 1.6401314852788462
e 23 14 1.5674571632826795
e 33 28 2.343165943214066
e 33 45 2.878991305290545
e 33 54 1.7343564438592556
e 33 83 2.8799573942174246
e 33 92 0.028430030928089378
e 33 103 1.1494744529481993
e 33 119 1.5351994712460382
e 33 0 4.889622191638738
e 33 27 1.1294213243291473
e 33 32 4.984034658573021
e 33 38 4.987242165005953
e 33 42 4.169788382589398
e 33 48 0.9828205439469362
e 33 64 4.309249771742805
e 33 89 4.576302314453546
e 33 115 3.8928941109313913
e 33 26 2.895614363287386
e 33 34 2.3837056699594954
e 33 50 4.517701554547752
e 33 79 4.088517368742506
e 33 113 0.23825198215957355
e 37 20 4.776080096004902
e 37 28 0.8689013988791239
e 37 41 2.751948210149979
e 37 54 3.641799827740622
e 37 71 3.7974243896104456
e 37 93 2.768337900575053
e 37 109 2.1167017641818697
e 37 111 2.0161047633778777
e 37 0 3.803866424949094
e 37 32 1.0610925460190561
e 37 42 2.698489449184666
e 37 48 3.7369834014662207
e 37 84 3.0555401458351112
e 37 91 2.5267480942367753
e 37 102 1.6839450980475585
e 37 26 0.5939682986004452
e 37 50 4.794937752362772
e 37 55 4.940559312175266
e 37 69 0.8080552838461574
e 37 80 3.5273863987890697
e 41 83 3.5525093831486902
e 41 92 4.34119954075708
e 41 119 1.0279275473145106
e 41 0 3.1970663937843398
e 41 42 1.1393353767101888
e 41 49 1.987424673886018
e 41 91 4.613916105564371
e 41 102 0.15837578188183155
e 41 34 4.070339022608153
e 41 55 4.693687472172216
e 41 69 1.5831990776204752
e 41 98 4.239881442973088
e 41 10 2.054670350778088
e 67 46 4.8115530140701965
e 67 47 1.9236124038559206
e 67 82 2.313025963740345
e 67 83 0.9666814390587869
e 67 109 1.074686455493723
e 67 119 2.7766894464711536
e 67 8 3.7907308575138616
e 67 15 1.677537943926915
e 67 29 2.3490040167037485
e 67 32 2.340963875552739
e 67 38 4.630963751114086
e 67 72 3.823418202856332
e 67 74 1.297448917627556
e 67 78 4.196317376891558
e 67 81 4.631013213910746
e 67 87 1.1343900198801482
e 67 89 4.929109860702848
e 67 90 1.2717210279206785
e 67 91 2.789829457708266
e 67 108 1.6536046189391103
e 67 4 4.020441691047354
e 67 5 2.1372116342272447
e 67 25 3.1646286908464125
e 67 34 0.7104530395129399
e 67 43 1.8871956115358068
e 67 59 0.007752286983730983
e 67 80 4.028517134255984
e 67 86 1.1377136469171278
e 67 98 2.7150138746210546
e 67 113 4.788969018643888
e 67 117 2.7045349422427596
e 67 11 1.4235331960971291
e 73 47 0.8098548336090883
e 73 54 4.122954129432256
e 73 71 0.657570077024292
e 73 93 4.898806065650065
e 73 27 0.1580988938040906
e 73 32 3.882137791023561
e 73 39 0.007899941436164126
e 73 48 2.5684861756835202
e 73 53 3.3709434094051796
e 73 84 0.4701394084117455
e 73 91 2.8510304733741294
e 73 101 2.833941135647259
e 73 102 4.236703147629796
e 73 115 1.9875495882654266
e 73 12 4.896830224859664
e 73 26 2.75051976667734
e 73 34 4.058905544287141
e 73 50 1.800208320920762
e 73 79 3.002981702952063
e 73 98 2.101143019138913
e 73 117 4.022659664525499
e 73 10 1.4389795218214585
e 82 47 0.1874289712021021
e 82 54 4.122868239900412
e 82 66 2.607925042334498
e 82 112 2.271036944914248
e 82 116 2.0082241538179426
e 82 15 4.521987300162262
e 82 49 4.590944010815642
e 82 75 1.202979667416419
e 82 84 3.6303840059582515
e 82 88 1.6122122404197559
e 82 89 0.3573560173834822
e 82 101 1.8913802919761897
e 82 12 2.3425704827992293
e 82 43 3.8026618576190123
e 82 55 4.817596446758874
e 82 69 2.1209766313440523
e 82 80 0.8367083285656779
e 82 113 1.1591006198338065
e 82 118 0.8056253808035396
e 83 0 3.977859639630203
e 83 38 1.6626629561331034
e 83 89 0.2998774820206157
e 83 102 1.1477848345523622
e 83 57 4.22388774557695
e 83 69 2.3704939925354633
e 83 104 4.278669217624041
e 83 10 1.7605324137615712
e 103 119 2.41296421228884
e 103 0 1.9378396302884786
e 103 65 1.6449231905550954
e 103 102 4.736057330293296
e 103 34 1.6893135054407065
e 103 57 3.960971429085362
e 103 98 2.562392393774312
e 103 104 0.7377514497903692
e 103 10 2.5402880491653472
e 105 3 4.742806194872411
e 105 20 1.0773036211232663
e 105 45 4.177472115754142
e 105 54 1.65717861935399
e 105 92 4.411961878648743
e 105 109 3.9850492737410943
e 105 116 1.46995112635325
e 105 119 1.3470564252390411
e 105 8 4.571521308316475
e 105 27 2.904221883092817
e 105 29 3.616610490935454
e 105 48 1.932961978711763
e 105 49 1.8266044581855212
e 105 75 1.2695657628002182
e 105 78 4.184343485958971
e 105 88 3.1933142480291803
e 105 91 1.4592420457036648
e 105 94 3.3144660238494827
e 105 108 1.522768800409859
e 105 4 2.8260098428719638
e 105 5 4.868450147158832
e 105 25 0.8752078509079309
e 105 43 1.7889111824808313
e 105 80 1.1142426933080691
e 105 117 2.630588065660176
e 105 118 2.70089281519923
e 105 10 4.025438313375879
e 105 11 0.198535296525707
e 105 33 2.1481270813422784
e 105 41 1.6111946069902516
e 105 73 3.930958523298382
e 105 83 4.760910672527865
e 109 0 1.6369374592666186
e 109 38 0.44382125583229237
e 109 65 2.541656374171005
e 109 90 4.9878193951744425
e 109 102 0.6716893173199912
e 109 57 1.3560915074310524
e 109 98 4.216280675617019
e 109 104 2.6052794006316167
e 109 83 3.260923926046486
e 110 13 0.7224553070436368
e 110 20 0.4884631067225942
e 110 28 0.25481726962779727
e 110 54 0.2556952941056567
e 110 60 4.253375213912985
e 110 92 4.812014248745512
e 110 93 4.380587558252934
e 110 8 3.718601226230383
e 110 15 1.5505135264966963
e 110 32 1.2707994137381295
e 110 39 1.071631859926689
e 110 40 3.0388804158316898
e 110 48 3.453410998431357
e 110 53 3.6762715570204243
e 110 75 4.2527654421483705
e 110 87 0.42755965906559334
e 110 91 4.294502297442272
e 110 101 3.2247408723818998
e 110 115 2.62627413463945
e 110 16 3.382863477589125
e 110 26 2.1908659128785835
e 110 50 4.232442738127951
e 110 98 3.704872668841434
e 110 104 1.0322015010105368
e 110 118 2.700035241629327
e 110 11 0.13899496883674645
e 110 14 1.704399812505279
e 110 37 0.17891841010070242
e 110 41 1.6764859849778864
e 110 83 0.8509175446295997
e 110 109 2.413096307193206
e 112 60 2.0791101972166324
e 112 31 1.6880888262056382
e 112 38 4.340088684583469
e 112 49 1.3804120746800297
e 112 65 4.450746754543113
e 112 76 3.3356215450235664
e 112 90 3.9271955333171773
e 112 102 1.4417889944107254
e 112 115 4.168467525041502
e 112 12 4.841553831428919
e 112 34 4.4293667302443644
e 112 50 0.8660572480301543
e 112 55 0.8076730871642346
e 112 57 4.923088398256915
e 112 80 2.602217291017577
e 112 98 1.109902506041145
e 112 10 0.5316518137239662
e 112 14 0.02873163467033535
e 112 103 0.6833454419465573
e 112 109 0.6335455470697032
e 116 28 1.6014388865171751
e 116 54 2.772938393216476
e 116 71 0.4907920895649259
e 116 92 2.2440150035330415
e 116 93 0.0663059460530746
e 116 107 0.30887963755914405
e 116 42 1.1479666431910789
e 116 48 1.11349776854266
e 116 76 4.22671996738122
e 116 84 4.392150986071794
e 116 88 2.8552134247826384
e 116 95 2.2287344752487965
e 116 101 3.4923472536583238
e 116 115 1.3458243868790543
e 116 4 1.7722681145252328
e 116 12 1.592126521416114
e 116 26 1.385581511131312
e 116 43 4.68016522097786
e 116 50 2.4746949051014426
e 116 55 2.6204279405998943
e 116 57 3.410491400685771
e 116 69 2.7468847996489303
e 116 80 4.5900521237144245
e 116 117 0.3636885991479921
e 116 10 2.8582162731761946
e 116 41 4.543528622840819
e 116 103 2.737051502843337
e 116 109 4.087011185195782
e 20 28 1.1112456462369635
e 20 60 3.5904225355135773
e 20 0 4.559527926273942
e 20 27 0.6537439818890811
e 20 42 3.934499791702435
e 20 49 0.9617078653225464
e 20 53 1.1065930580609695
e 20 88 2.4086809995582343
e 20 90 3.0597745326487695
e 20 91 3.693313488217027
e 20 101 3.0896834031549414
e 20 4 4.894339698481226
e 20 43 4.050541243733318
e 20 57 1.603604006465233
e 20 69 1.8768015087947332
e 20 80 3.1838340505546343
e 20 104 4.790558049294238
e 20 14 4.953643259124271
e 20 33 4.7895206340725895
e 20 41 3.9622945659646764
e 20 83 3.3957073100104065
e 20 112 3.9639274363287234
e 47 60 4.816342854939743
e 47 93 3.7880688721879996
e 47 111 0.11019488588193405
e 47 27 0.9849422895661036
e 47 31 4.93335861987637
e 47 32 0.28288670340021693
e 47 39 2.0474839864673293
e 47 49 1.8348198221186256
e 47 64 3.910154348057007
e 47 84 4.463594053584857
e 47 88 3.603278761992021
e 47 89 4.919114830420312
e 47 90 3.8951769630378905
e 47 101 0.04559611692042276
e 47 4 0.43808899295767145
e 47 12 1.298961596419839
e 47 26 1.099724554738264
e 47 50 1.6530147071062924
e 47 55 2.3590830179834885
e 47 57 0.9035992870830439
e 47 80 2.3037287872641157
e 47 14 4.543434519258535
e 47 20 1.2408896058113443
e 54 60 1.1515942117308482
e 54 92 4.374740247259589
e 54 0 4.8657271723137026
e 54 31 2.8177620038452234
e 54 32 1.2354676535735472
e 54 38 3.564548634555118
e 54 49 1.0589851757690956
e 54 65 4.767992261803539
e 54 75 3.11655528926934
e 54 84 2.5662509133047346
e 54 90 3.7209428678838097
e 54 91 0.4458181191245836
e 54 115 4.9861730430494955
e 54 26 1.9840216305396463
e 54 34 3.4866483647086643
e 54 43 1.3684076011749302
e 54 55 2.5280924168512975
e 54 69 4.865756719825216
e 54 79 4.997179245852971
e 54 104 3.637666380203985
e 54 113 0.6557159968505388
e 54 10 1.6410833701770273
e 54 14 4.560167978406388
e 54 103 0.2065499745287258
e 93 28 1.3708782122567553
e 93 107 2.870735537195727
e 93 32 0.3442713335427816
e 93 64 1.3153313758470464
e 93 74 0.43695354130570185
e 93 75 1.2886730852569768
e 93 88 2.1833123173651097
e 93 26 1.3610495400932032
e 93 43 0.6990221019261333
e 93 69 3.0453505417806825
e 93 80 2.940243704277635
e 93 117 0.15711737062642006
e 93 83 3.6020565149331327
e 107 28 3.250477331104666
e 107 0 2.930895480511283
e 107 32 3.110098273262884
e 107 42 2.665956770319519
e 107 65 2.3352208894503654
e 107 91 3.816394616867325
e 107 102 4.1540626979642
e 107 12 3.953887219642006
e 107 34 1.978170535515464
e 107 50 0.10107305626602003
e 107 57 4.862943498815008
e 107 69 0.7325599736699034
e 107 80 1.8773587839052404
e 107 98 2.540589260758583
e 107 104 0.07885181082615378
e 107 14 1.3422332566442101
e 107 109 2.36226413700739
e 111 31 4.619732036740196
e 111 38 3.7706286654672954
e 111 42 1.6518321823817024
e 111 75 3.894355833557555
e 111 76 0.3357960597848503
e 111 89 4.697493142345623
e 111 101 2.04460753957171
e 111 50 1.6940756481157697
e 111 57 1.6827968501127226
e 111 69 4.928043227573852
e 111 79 0.0636177635365115
e 111 80 1.4363247750081365
e 111 113 4.934815361286773
e 111 117 3.632628805197378
e 111 103 4.068310818931906
e 111 109 2.5516004032843647
e 111 112 0.10939024761826122
e 111 93 1.654508091893615
e 111 107 2.603971371247447
e 119 0 3.3634821408905995
e 119 38 1.1237987348929468
e 119 76 3.4712337947678824
e 119 26 0.12411500380808738
e 119 57 0.344363369274141
e 119 69 2.9791151979431127
e 119 80 2.002690926604092
e 3 60 1.5179613279436588
e 3 71 3.3390588879653778
e 3 0 3.9972882867968624
e 3 27 0.6665642832002655
e 3 42 1.8026353049941708
e 3 49 3.288894638608743
e 3 64 0.553726250410625
e 3 76 2.876296229501525
e 3 84 1.0141712889847225
e 3 88 1.1600566352177526
e 3 89 1.0995410243727455
e 3 95 0.00343376684318053
e 3 102 2.785352821205213
e 3 4 1.2262375182004077
e 3 26 3.251105904430297
e 3 43 1.9879108193677364
e 3 69 3.333636295686273
e 3 80 4.383330920523179
e 3 10 0.09577111187879406
e 3 33 4.466721403047464
e 3 37 3.7102757306904577
e 3 83 2.767337728835821
e 3 20 0.012212294270981805
e 3 107 0.4444849776186094
e 28 0 3.253416152750831
e 28 31 3.217921129996835
e 28 38 0.5155886827521572
e 28 42 3.113541150389585
e 28 48 3.2714056966673506
e 28 84 4.0223832653907206
e 28 102 0.8072027581227131
e 28 12 3.53603474883734
e 28 43 3.0712540600446205
e 28 57 4.187243442053646
e 28 80 3.324431000874388
e 28 10 3.8923589553407245
e 28 109 3.35134874436943
e 28 119 4.688462095327574
e 30 13 0.38127982905655666
e 30 45 2.1651449869298367
e 30 46 1.825010094908151
e 30 60 0.7748372857652563
e 30 66 0.9139688967692133
e 30 71 4.796078727646509
e 30 35 3.7248428566423595
e 30 38 4.314356574799209
e 30 39 0.7266581800673039
e 30 40 3.7526175529410164
e 30 42 2.4495655420358164
e 30 48 1.4060377972298366
e 30 49 0.3704859206845368
e 30 51 2.6724670119560123
e 30 53 3.7108503421307026
e 30 64 4.426771257616521
e 30 65 3.0793179369590176
e 30 68 4.725395515157729
e 30 76 3.231753440042419
e 30 77 3.6016655754819205
e 30 81 1.407750046546215
e 30 85 2.125685107787612
e 30 87 4.2389517882163466
e 30 88 0.3025278256888647
e 30 94 0.3889435043581324
e 30 101 4.42721649105759
e 30 102 4.4508108118010306
e 30 12 4.491528652998708
e 30 19 4.181995398902874
e 30 25 4.965483083308837
e 30 43 0.4925840123299008
e 30 50 2.759307716261723
e 30 55 2.1982557305275163
e 30 80 4.931745766959083
e 30 86 4.146894496713705
e 30 117 4.017469910327269
e 30 118 1.7613854189932425
e 30 6 4.528958712520249
e 30 33 1.9445554289803062
e 30 73 0.14902063177665126
e 30 103 0.8944911247396881
e 30 110 1.660571845828741
e 30 112 0.8800534511855607
e 30 47 1.399813478787026
e 56 13 2.678904660829252
e 56 61 0.625091605546878
e 56 92 4.387481198749258
e 56 31 3.2771341802326424
e 56 35 1.0688764581919878
e 56 39 3.035044884668528
e 56 53 3.542455094809261
e 56 62 2.9278642894199374
e 56 63 3.732522408704204
e 56 64 0.8749407322616659
e 56 72 2.071877657801704
e 56 74 1.1793267766122117
e 56 75 3.694210943799024
e 56 76 1.3722625629554392
e 56 84 2.5964445407611123
e 56 85 3.732365367938955
e 56 87 1.2482967030390917
e 56 88 3.331917011397429
e 56 91 3.8095205306287117
e 56 102 1.1135509410686057
e 56 108 0.48240998084742803
e 56 5 0.06697370524013757
e 56 12 2.04158439909971
e 56 16 2.9746431327920746
e 56 34 3.3606759167588116
e 56 43 3.6898139277509365
e 56 50 4.538664327094901
e 56 58 0.1861399912326983
e 56 59 2.9533942830424733
e 56 104 2.633032211770614
e 56 113 1.674252468679152
e 56 117 4.201625751713526
e 56 118 3.685707549388024
e 56 6 0.5174001509785398
e 56 10 2.441205439121163
e 56 33 1.2053318071015435
e 56 83 2.3948324927624287
e 56 110 2.971063550108473
e 56 20 4.726365404484664
e 56 107 3.335348520469365
e 56 30 3.6644633983270163
e 61 13 1.7848574119668585
e 61 46 2.187974098954844
e 61 92 2.4935183558234835
e 61 24 1.1519040360459687
e 61 29 1.6684618270499318
e 61 35 3.371533290176785
e 61 38 4.324348427464654
e 61 44 0.5007506805668205
e 61 48 2.1464408832296273
e 61 49 3.7271925323127153
e 61 62 4.628470082654347
e 61 78 4.482237020858516
e 61 81 4.871415254543261
e 61 84 4.650578440781347
e 61 87 4.249492926970761
e 61 88 3.069112061683898
e 61 89 0.8631694681393132
e 61 90 4.608797889438703
e 61 115 4.263615177445253
e 61 5 2.7559026826756403
e 61 16 0.1909492412085434
e 61 25 4.143526319432753
e 61 26 0.8671088525409504
e 61 50 2.120460667298634
e 61 52 2.1017622613365496
e 61 57 1.2537453484387266
e 61 59 3.9133613170126265
e 61 69 3.7695123293910546
e 61 86 3.5323616566801066
e 61 104 1.8373269590384682
e 61 113 4.336615322789117
e 61 118 1.222182437302008
e 61 6 2.940654716241622
e 61 11 4.315076125912566
e 61 14 1.1597415045955377
e 61 41 0.7224128877905406
e 61 67 2.7963575040795137
e 61 103 0.6635438172894509
e 61 110 1.9434212183697523
e 61 54 4.877430208312227
e 61 93 4.808519537094519
e 61 3 4.10301558537949
e 61 30 4.747777723133673
e 71 60 3.4078896018686224
e 71 92 3.1077095666369514
e 71 32 4.116038735210456
e 71 38 4.356817796905893
e 71 65 4.124630544452731
e 71 74 3.120651074743655
e 71 75 0.8428986686441908
e 71 12 2.477533427215806
e 71 34 4.122742540092696
e 71 55 4.001945201786382
e 71 69 1.4655149549108082
e 71 80 4.188802592175262
e 71 104 3.066814022866657
e 71 14 3.474159252852213
e 71 83 0.1552519065952057
e 71 112 0.10852350470517302
e 71 54 4.872677956076021
e 71 28 3.6234684420252705
e 92 76 3.7865520177763696
e 92 90 3.8207646949585183
e 92 115 4.022167587255784
e 92 34 3.8770724660938387
e 92 55 4.53967517029405
e 92 69 0.06108349174041072
e 92 10 1.9694670432100125
e 92 83 1.9279050816850862
e 92 119 0.9174145720127946
e 114 45 0.47240272088210744
e 114 60 3.1404294973019016
e 114 0 2.8710957484410256
e 114 27 2.4580750423710085
e 114 35 0.4080039684899067
e 114 40 0.547465213220869
e 114 44 2.19871050911489
e 114 62 0.718595139566735
e 114 63 0.4532134699807261
e 114 68 4.303823719730799
e 114 74 4.811199959746639
e 114 75 4.3103886972395635
e 114 77 1.455384989300642
e 114 85 4.00001926910606
e 114 87 3.5084438932495337
e 114 89 1.0265729884652468
e 114 94 3.3641877141612597
e 114 95 2.6487994357677733
e 114 102 3.9144010296134217
e 114 5 4.039082256146583
e 114 26 1.9155476702335221
e 114 43 1.5703717119716294
e 114 57 2.3590071280467892
e 114 58 1.657743661668492
e 114 80 0.6142263371958651
e 114 6 4.02139114206659
e 114 10 1.6165700896455042
e 114 14 3.2989197298007493
e 114 67 0.2938383255119864
e 114 73 0.9628217324151395
e 114 82 2.311027527975403
e 114 83 0.7566424894060053
e 114 105 0.20306610720145057
e 114 109 1.3403845450780487
e 114 110 0.36205065892257693
e 114 116 3.8296543435024946
e 114 47 4.829631816971973
e 114 107 1.8327412725142738
e 114 61 1.0423433439941854
e 13 45 2.5824741934353543
e 13 60 3.890489140369224
e 13 66 2.882604282134471
e 13 32 3.4863964588923086
e 13 38 3.012733626140588
e 13 39 4.050097685604008
e 13 64 3.733905972700817
e 13 81 0.8354784771548507
e 13 84 2.555567214365169
e 13 89 1.0171030690746012
e 13 101 4.116383620487448
e 13 26 3.9245497707674506
e 13 34 2.7469125772270186
e 13 50 1.3459261431825427
e 13 79 4.603150382030664
e 13 98 1.9551707852974558
e 13 10 4.573088463381968
e 13 37 1.922027986374698
e 13 73 2.1663876040896195
e 13 112 3.3026524754307673
e 13 107 3.006003258407222
e 13 111 0.622980021132733
e 13 119 1.5744028277215976
e 13 71 0.43038200219212286
e 46 45 1.1567641054149251
e 46 32 3.2094702194407425
e 46 38 4.945247180027281
e 46 39 4.936751876527189
e 46 48 2.3422740677859197
e 46 49 1.2903820364318863
e 46 65 3.123776177368827
e 46 68 3.8459873072898043
e 46 74 1.7690897189447723
e 46 75 1.0498570653618793
e 46 76 2.7176293517364485
e 46 88 3.251164273780341
e 46 89 3.5680438235422574
e 46 95 4.531093859756885
e 46 34 2.5951130090319645
e 46 50 3.293381423084332
e 46 55 4.534852089053924
e 46 11 2.9625826809597338
e 46 14 1.48893600161631
e 46 109 0.558646658902891
e 46 47 3.180158280383715
e 46 93 0.8579474192607517
e 46 111 2.493821441920874
e 46 119 3.03314640914278
e 46 71 4.269038386885281
e 60 42 1.5168813450137346
e 60 65 4.962685365786886
e 60 76 2.477077633859983
e 60 89 3.0002080686532033
e 60 91 4.351860389549907
e 60 102 0.5303409339906412
e 60 115 1.3394935917402524
e 60 26 4.065267790506154
e 60 43 0.15285966860307199
e 60 57 2.7852112032191645
e 60 69 1.0881447771463053
e 60 80 2.1387674158543084
e 60 109 4.672254011738873
e 66 45 2.0289602736659953
e 66 27 1.6846294095774161
e 66 32 4.16166673592652
e 66 38 3.5003734320371365
e 66 53 1.7023557776556375
e 66 64 1.2006936176559058
e 66 88 1.0351016098070331
e 66 89 2.32248260535389
e 66 91 4.071817433687139
e 66 95 3.7506461450608826
e 66 102 2.2184485189902365
e 66 26 4.192297117900124
e 66 50 0.7998857637029683
e 66 57 4.531540293631116
e 66 79 2.258189745776784
e 66 104 1.4466011160495111
e 66 14 1.6279993884608275
e 66 33 4.038541550701674
e 66 109 4.140798467689646
e 66 47 0.7153324773416331
e 66 107 2.947425518194284
e 66 3 2.2030116889751463
e 66 28 1.099211927464977
e 66 92 3.729580025441889
e 66 60 1.7457174064529442
e 45 0 4.443905036638614
e 45 32 0.6674975000189604
e 45 42 1.9686309410565999
e 45 88 4.132329321218351
e 45 12 2.5253038261553113
e 45 26 2.2939100710536025
e 45 34 1.4897804729667918
e 45 43 3.645657047550181
e 45 57 1.673755905834171
e 45 69 4.714288058741754
e 45 80 1.9411654113195431
e 45 117 4.067657140283995
e 45 14 1.671088115267056
e 45 41 4.959054579316253
e 45 103 4.35269251860967
e 45 109 3.680153558026497
e 45 54 0.11181003224634278
e 45 107 2.047074687903926
e 45 119 4.416984187410144
e 45 60 0.6380368773240264
