sem 0 1 51.42548654104702
e 0 1 0
e 1 6 2.9884689392691186
e 1 13 0.39514569038859304
e 1 14 4.60581197841825
e 1 17 1.3132062206411406
e 1 20 2.937387584410484
e 1 24 2.388794123608129
e 1 29 0.9987844049001948
e 6 2 4.92537732488447
e 6 7 2.478831358403188
e 6 8 3.499469369091976
e 6 11 4.604373670814314
e 6 12 0.31296420380100165
e 6 14 4.125525717362973
e 6 15 3.4989050357629714
e 6 18 1.6052091940289481
e 6 19 2.269389557051981
e 6 21 1.7388391368573237
e 6 24 3.923385017909418
e 6 27 3.309815311507519
e 13 5 1.8310757592207916
e 13 10 3.7051358101976883
e 13 14 2.6247720048876753
e 13 25 3.7423790573932387
e 13 26 2.1530765710629347
e 13 28 2.104163865265163
e 13 6 1.0648451126176195
e 14 0 4.384794292578318
e 14 3 3.6289782908332047
e 14 7 1.3026222850766405
e 14 16 0.37897119712019256
e 14 20 1.0872158938515752
e 14 23 4.0769303331183355
e 17 8 3.5414629391256542
e 17 9 4.045148740412396
e 17 12 4.14067886321423
e 17 19 0.29674463873435086
e 17 24 2.291866127911186
e 17 27 1.1845613516539317
e 17 28 4.34993626784861
e 20 0 1.5833913291442203
e 20 3 2.741617880272631
e 20 8 3.3988244949703414
e 20 9 1.5682539943013878
e 20 10 0.18506271020335585
e 20 22 0.7020566669166162
e 24 0 0.3963866674591282
e 29 3 1.6436058737164467
e 29 5 2.1377938383050026
e 29 7 3.7989346794658103
e 29 9 0.8493663178745975
e 29 11 1.5651576552484647
e 29 12 0.3472151435840387
e 29 16 1.6758500763679907
e 29 18 2.1915390927201637
e 29 19 1.7984377395776796
e 29 21 0.3990481351224967
e 29 23 4.861517316699721
e 29 25 2.4357688039970142
e 29 26 3.7411680693566867
e 29 24 1.8421322252089212
e 2 0 2.735960084401871
e 2 9 0.614024808614661
e 2 16 4.630502314018672
e 2 24 1.7884510210888065
e 7 0 3.313032985333784
e 7 3 4.788224809043972
e 7 9 1.555829586079542
e 7 25 0.32097628442999016
e 7 24 1.6297090519878994
e 8 3 1.5172933170231402
e 8 4 2.725050850727339
e 8 9 3.025465537774096
e 8 16 0.6178609043371147
e 8 25 2.758603039242719
e 11 9 3.4846431952711687
e 11 16 3.1084507569003037
e 11 22 2.3042940319077805
e 11 25 0.28056176470473426
e 11 24 4.708275239102123
e 11 2 2.9644924011150717
e 12 9 4.656982965689521
e 12 10 0.7520827837366895
e 12 18 4.105693281615493
e 12 23 0.6295780524367134
e 12 25 1.6920399107220918
e 12 24 4.978012658838376
e 12 2 1.1651255271751775
e 12 7 0.6343848570463939
e 12 11 4.542563507047795
e 15 0 4.197839345803509
e 15 9 4.374226166634875
e 15 10 3.47601198332593
e 15 16 1.3037338945644965
e 15 23 3.066630674229616
e 15 24 3.1482707109805452
e 15 7 3.536614670504658
e 15 11 3.0046620590892847
e 18 0 3.5612240186528843
e 18 9 1.2264465194437406
e 18 25 3.321100512581932
e 18 2 1.046495757753159
e 18 7 3.0886940224766537
e 18 8 0.860483600452614
e 19 5 2.033614393656138
e 19 10 2.5517256527960512
e 19 26 4.946755653599509
e 19 14 4.3940368925388515
e 19 24 4.087950758985876
e 19 15 0.5874382988946653
e 19 18 2.7419742993473832
e 21 3 2.595732943419308
e 21 4 3.8035200141892034
e 21 9 2.872101970103635
e 21 10 2.134444574426105
e 21 16 4.376389114504145
e 21 23 4.865627787203147
e 21 26 3.874616773558733
e 21 24 2.873345215946715
e 21 2 4.306416102411364
e 21 8 3.6250281552512527
e 27 3 4.218963134665013
e 27 9 0.7298980083663159
e 27 10 1.2326562119525346
e 27 22 0.9558573572397205
e 27 2 3.5202788863210523
e 27 7 4.024306334961872
e 27 11 4.684713118475133
e 27 15 2.6751846627438476
e 27 18 2.3644833043932274
e 5 10 2.891708962312409
e 5 25 3.311060232821968
e 5 26 4.641743510606716
e 5 20 3.1772595651132236
e 5 2 1.127151143256027
e 5 8 4.745578289759139
e 5 11 3.850745165666129
e 10 0 2.005973341699088
e 10 9 2.587947946492537
e 10 16 1.0506081768273234
e 10 22 2.255854455101289
e 10 25 4.823576771613097
e 10 24 3.308376649905294
e 10 8 1.0015841785308444
e 10 18 0.3347209078603197
e 25 0 2.279399193758312
e 25 3 2.528753802703125
e 25 4 4.098135680966855
e 25 9 3.860953521200635
e 25 16 3.664548232811207
e 25 24 0.7069274436385259
e 26 0 0.25811451309351474
e 28 3 4.8324161215731785
e 28 4 1.7452222537445765
e 28 9 2.4090558108383546
e 28 23 3.3050282090426135
e 28 8 4.117902055690139
e 28 15 2.8705444853935362
e 28 27 3.2882494830030633
e 28 25 2.0515000183457497
e 3 0 0.8010409488065828
e 3 26 3.287830626324479
e 16 9 3.623252491168784
e 16 26 0.7212460329550807
e 16 3 4.1628090136329385
e 23 22 4.179873094745351
e 23 2 0.8047784238843531
e 23 7 1.1767382280043086
e 23 18 1.9692207367680081
e 23 10 3.1873576998020585
e 23 26 3.124458120999731
e 23 16 2.7680791540338974
e 9 4 1.0170550374288878
e 9 0 2.0475325274608585
e 9 24 2.7125604290154675
e 22 4 2.5949078956452505
e 22 3 4.4547908259137685
e 22 16 0.8809571651700515
e 22 9 1.1663497668682017
e 4 0 3.0776298479145483
e 4 26 0.7274024499016868
