sem 0 2 50.16635569310612
e 0 2 0
e 2 1 2.291220445663047
e 2 3 1.220043870292058
e 2 5 0.332230118814002
e 2 7 4.356039393576219
e 2 9 4.381942275184472
e 2 10 1.0206840771620607
e 2 14 2.736041058339311
e 2 15 4.367423825080397
e 2 16 3.339425246899155
e 2 21 1.479814642435987
e 2 22 4.39694814929449
e 2 23 2.9857006403681345
e 2 25 1.8507188431291288
e 2 26 3.030242493722031
e 2 27 1.4267442600554174
e 2 29 3.2599158822975656
e 2 30 0.9832855142669861
e 2 32 0.901495400404318
e 2 34 4.9375711036278345
e 2 36 3.6869227118226937
e 2 37 2.4534875950464845
e 2 39 4.250939610371059
e 2 40 2.341648167125372
e 2 41 0.04556282104955567
e 2 43 0.15679266507666378
e 2 45 2.328129734146684
e 2 47 3.3718114527891005
e 2 52 0.2832125095127347
e 2 55 2.4880017359279427
e 2 57 3.4015572455945113
e 2 58 1.0057208998007838
e 2 59 0.843035671829635
e 1 3 2.4964694255197752
e 1 4 0.8545981950522802
e 1 6 2.312651267735779
e 1 8 2.4043425535149945
e 1 9 2.4851664785959207
e 1 13 2.5468550765569455
e 1 17 2.4914447699069573
e 1 18 3.2333017753806987
e 1 19 0.815660228832244
e 1 23 2.107393705438953
e 1 28 3.537453633618426
e 1 31 4.7078554028284065
e 1 34 1.9475411057337593
e 1 35 3.994393917034898
e 1 37 2.4755930640542596
e 1 39 3.2696285101685447
e 1 42 3.748293886515039
e 1 45 4.981768307192212
e 1 46 1.0268320073993864
e 1 47 4.935929513805494
e 1 49 4.799554689149809
e 1 53 1.184237037555735
e 1 55 2.0291687368651097
e 1 56 4.6754800569482455
e 1 57 4.655605534545504
e 1 58 0.9465557805212005
e 3 4 2.710948749377382
e 3 8 0.41058959488688707
e 3 10 4.142907987655906
e 3 11 2.8838653386242874
e 3 16 3.20385430964683
e 3 17 2.389176872369619
e 3 19 1.8372573195246644
e 3 20 4.299152889758892
e 3 22 4.542499203736267
e 3 23 1.0748451469639693
e 3 24 3.105708713923529
e 3 26 2.16493547469748
e 3 28 2.439540150411001
e 3 29 1.453971774884781
e 3 30 2.2190344001576916
e 3 35 1.5014198961446286
e 3 36 4.199420042379558
e 3 44 2.1275350960817363
e 3 46 4.373097307866656
e 3 47 1.6124598109119548
e 3 49 0.9176005390131348
e 3 50 3.038641411455139
e 3 51 0.31968825109767063
e 3 54 1.4855815857331844
e 3 55 2.132920229792879
e 3 56 3.5157858792758443
e 3 57 1.376332835131378
e 3 58 2.831130210501894
e 5 4 0.3329989870785405
e 5 9 4.641592282635304
e 5 10 1.8039000832691516
e 5 11 1.3829258880124757
e 5 13 1.839253080818362
e 5 14 1.6686454270880517
e 5 16 0.3241601891837137
e 5 17 0.8290935153448137
e 5 21 0.6053860483494594
e 5 25 3.7636339691312544
e 5 28 3.4405701690725077
e 5 29 4.073407174501424
e 5 31 2.736148093740893
e 5 32 4.619343589992822
e 5 35 1.470302288573429
e 5 38 0.8992793023469742
e 5 44 4.83721625246692
e 5 46 1.0902230568907827
e 5 49 4.247780992630819
e 5 50 3.234216281003926
e 5 51 4.745725490682894
e 5 53 3.878800623894648
e 5 54 4.726013530321105
e 5 55 4.370169548646234
e 5 57 3.031634686726106
e 5 59 0.6803065739997921
e 5 1 3.722294290865469
e 5 3 4.753673751584156
e 7 6 1.5067488332139352
e 7 8 0.938199812531702
e 7 10 4.548846044792811
e 7 11 2.565662273217672
e 7 14 3.0421548449773335
e 7 17 4.686902533377329
e 7 20 4.076805039827094
e 7 21 2.902703069685879
e 7 24 4.7730546870478
e 7 33 0.8674261794221522
e 7 47 1.5574307299400187
e 7 49 4.352514364952956
e 7 50 1.989361609029518
e 7 51 3.654621040653838
e 7 53 0.3941379804944528
e 7 56 1.153837286666663
e 7 58 4.0979625093539465
e 9 0 4.926234108774395
e 9 10 2.0953164976787715
e 9 14 1.141470438211138
e 9 20 0.14743023779973385
e 9 22 3.508175460273458
e 9 26 2.9984486538664017
e 9 28 0.25154112864295863
e 9 33 2.43992970844579
e 9 36 3.224453678315235
e 9 42 1.4050807487723245
e 9 49 4.098929278551299
e 9 51 4.153155158197423
e 9 53 3.339597841203428
e 9 54 4.109286117032491
e 9 58 2.812855201281504
e 9 7 2.7239797454598014
e 10 0 0.0035908470489753874
e 14 0 3.9816983641559616
e 14 21 3.8363131238999397
e 14 30 2.545811567305459
e 14 31 2.8920647757968734
e 14 49 1.3053320010403828
e 14 51 2.6334536951111525
e 14 54 2.3987725808010123
e 14 56 4.650334491037572
e 14 10 0.8059280834244908
e 15 8 1.943704284368999
e 15 12 4.811795379392523
e 15 16 2.389880825269812
e 15 17 4.570297234037216
e 15 23 0.13804646762506645
e 15 26 4.534912726977456
e 15 30 2.090902463668813
e 15 32 0.06823949518330319
e 15 33 3.722104900394024
e 15 35 2.2257909151936808
e 15 40 0.011182430740953597
e 15 42 0.8807118511215961
e 15 44 2.4034628695013387
e 15 47 0.5316629666907163
e 15 48 0.02525160657409098
e 15 50 2.4475861813131843
e 15 54 0.18536973314261906
e 15 55 2.4223194330167614
e 15 58 3.9758720342509903
e 15 59 2.1602867598456155
e 15 1 4.604986862607654
e 15 5 1.5268218396503785
e 15 10 1.9765131381518302
e 16 8 2.2025564746208577
e 16 17 0.4104493504415757
e 16 19 0.1781354198149565
e 16 20 2.7498983350962742
e 16 21 3.6784995255753126
e 16 26 3.6427198145433755
e 16 31 3.238910840126648
e 16 33 0.8994193831177061
e 16 34 4.37392892167264
e 16 35 4.853899436465338
e 16 36 3.688086298890746
e 16 37 2.5968166900160057
e 16 38 0.5009562452162697
e 16 39 1.405330094087605
e 16 42 2.4063351119854155
e 16 45 1.5499520793482635
e 16 47 4.9989719946348625
e 16 55 4.0916613573506
e 16 56 2.184773346628934
e 16 58 1.4341095876874321
e 16 14 1.1259421805497278
e 21 0 0.20894868503955166
e 21 35 2.5855989855745842
e 21 10 4.465772383596772
e 22 0 3.930529517324856
e 22 6 0.15274087424284433
e 22 17 2.6957832476966628
e 22 19 3.547861986785664
e 22 28 3.1622062325774483
e 22 31 0.47541654229525165
e 22 44 4.706975928862937
e 22 50 4.655169287176149
e 22 53 3.907491714951262
e 22 54 2.407340769094122
e 22 58 0.7778999422090138
e 23 0 2.843763496693621
e 23 6 2.647438973621278
e 23 11 1.571049667749684
e 23 19 1.3129254796240226
e 23 20 3.696593561179509
e 23 28 1.029168153935437
e 23 30 1.4402759319746872
e 23 31 0.8103344737762702
e 23 32 1.5080875436961738
e 23 33 3.1262014195693903
e 23 34 0.8475354642677391
e 23 35 3.205557027508724
e 23 37 3.4982049800698705
e 23 39 4.496990123560782
e 23 44 1.5468462555216327
e 23 45 1.4567105883635683
e 23 46 2.8800960514915914
e 23 47 0.2984124031406693
e 23 54 1.7666772007857712
e 23 9 4.525184241202654
e 23 10 1.558260612067624
e 23 21 1.6784316820391543
e 23 22 4.183522738804189
e 25 4 3.382647062012044
e 25 6 1.3205933642527596
e 25 8 4.695426450137942
e 25 11 4.393365058209611
e 25 13 3.4784157733154277
e 25 24 2.2562077465784696
e 25 26 1.0278777627594315
e 25 29 4.030728860118102
e 25 32 2.042787579194923
e 25 34 3.930296223328024
e 25 46 2.245336319173913
e 25 47 4.636226964970672
e 25 49 1.5619894952610192
e 25 51 3.278927879561433
e 25 54 3.8743288312282456
e 25 56 3.5611252917973237
e 25 57 3.729391224006951
e 25 58 3.905699864079721
e 25 9 0.13993680854434531
e 25 23 2.6443516783366787
e 26 0 2.6951507907445182
e 26 31 3.2252128378477583
e 26 49 4.7929931823747065
e 26 50 0.5179581755137508
e 26 54 4.2016044090187785
e 26 10 1.2322206956828468
e 26 21 4.125239598181337
e 27 4 0.6410492375270382
e 27 6 2.881658005790814
e 27 8 0.875963912486124
e 27 11 4.6193329481692516
e 27 13 3.148224793143746
e 27 17 1.190044940620563
e 27 20 4.446970717742513
e 27 24 2.7500027870065
e 27 32 4.687134698567407
e 27 33 1.6776776593480136
e 27 34 1.0115650993201197
e 27 42 0.7591359259753316
e 27 45 3.308358024903156
e 27 50 4.967143486914459
e 27 54 2.829876763367816
e 27 58 3.5978577424585314
e 27 7 4.645220369281522
e 27 9 0.5546874972880816
e 27 14 0.6915716725319554
e 27 16 0.9216408128619796
e 27 25 4.809423404020227
e 27 26 0.44204866958815814
e 29 11 3.964473695712467
e 29 19 1.0138065848407152
e 29 28 0.7084260463080699
e 29 33 1.145019496947729
e 29 34 2.9559123094359796
e 29 35 1.372269527522163
e 29 36 1.8098853271383186
e 29 38 0.3588488678607621
e 29 47 4.8815705681867625
e 29 49 1.1520293765092298
e 29 50 3.2908865844287813
e 29 51 1.2236002815504206
e 29 53 1.697924420430188
e 29 55 1.4397320608375836
e 29 56 1.0191479218307014
e 29 9 1.7106402532916216
e 29 21 3.581303162463014
e 29 22 3.06114899118454
e 29 26 2.254349126979899
e 30 0 4.043708195624633
e 30 35 0.3946585145305742
e 30 56 0.07685830453820652
e 30 10 0.20547077250564372
e 32 4 1.5378648686716594
e 32 6 0.5060888129845215
e 32 8 0.9195297183441531
e 32 11 1.8167547358633191
e 32 17 2.7465091925060507
e 32 19 3.16248841159176
e 32 20 2.337640098852205
e 32 33 1.1474252259125906
e 32 34 3.424510904838386
e 32 35 1.4680015794349828
e 32 36 2.4866211676596084
e 32 45 3.6523252101563
e 32 49 3.1342211795658232
e 32 50 2.1057001781428952
e 32 56 0.1452466504433808
e 32 57 2.2702113028755946
e 32 58 0.7102446038536642
e 32 9 2.0825333495089717
e 32 10 0.7483575806828607
e 32 14 0.8900203460705874
e 32 26 1.5688095568087856
e 34 4 0.05769293969979217
e 34 19 1.0875282071181642
e 34 20 1.866990810192919
e 34 28 3.1182706460311054
e 34 33 2.8869772207522293
e 34 37 0.9051542336721247
e 34 42 0.4434890816504711
e 34 44 2.7236216037341943
e 34 46 2.0229694026986236
e 34 47 1.0133394201608414
e 34 49 1.2208659335194172
e 34 50 3.931281407251996
e 34 54 3.198423088642916
e 34 10 3.607838784652158
e 34 14 0.6571644429477558
e 34 21 4.541764676551199
e 34 22 1.9592782804963194
e 34 26 4.199018801678658
e 34 30 3.579037119010393
e 36 4 3.6081739664981343
e 36 19 0.2880474510070641
e 36 20 4.908356523861331
e 36 24 1.0421683944327937
e 36 31 4.431157541910716
e 36 33 1.7371806735682331
e 36 35 4.111685729970127
e 36 37 1.021398069211189
e 36 42 1.3038357475931135
e 36 45 0.5796359749059149
e 36 47 3.3476496387758243
e 36 51 0.8291377457598392
e 36 7 2.575230192169031
e 36 21 4.160020366027756
e 36 22 1.1275019922253908
e 36 26 3.678761249238718
e 36 30 4.353932424457566
e 37 0 1.361376474185016
e 37 6 2.4885514045528687
e 37 17 3.6617779797238192
e 37 19 3.8630103970110174
e 37 24 4.998014728637134
e 37 31 1.0917206744760115
e 37 33 1.8420813479331266
e 37 42 1.306947528099095
e 37 49 3.0193427840405427
e 37 51 3.5318654117506183
e 37 56 3.7248058200850136
e 37 58 3.818396538883062
e 37 21 4.999003601631694
e 39 4 4.600402448867115
e 39 6 4.04163964777163
e 39 8 2.3414607672030963
e 39 28 2.691274476437294
e 39 35 0.9846273649380965
e 39 45 3.7292297416691977
e 39 46 1.2686041232223526
e 39 47 2.909961115690364
e 39 49 3.553986062811302
e 39 50 3.2078451375906476
e 39 54 4.269236257655527
e 39 55 3.2808387848239735
e 39 9 3.8330487746295288
e 39 21 3.0938417935779934
e 39 26 3.332203014908723
e 39 32 1.9933150603035603
e 39 34 3.6274184453271303
e 39 37 2.325688610520549
e 40 13 4.173881968033616
e 40 17 4.207406220173923
e 40 19 1.8790502783974372
e 40 28 0.9802998817396308
e 40 31 1.8064341483908959
e 40 33 3.2485247107387623
e 40 38 2.2263018980681504
e 40 42 0.9719801507730896
e 40 43 3.020119856458953
e 40 44 2.3276005095549164
e 40 46 0.6718709156474939
e 40 49 4.286645138261702
e 40 51 4.699560276170988
e 40 55 2.6157132674534815
e 40 57 2.3483226516541778
e 40 59 3.162321924269627
e 40 1 1.537167329825121
e 40 7 3.3619540773323675
e 40 9 3.5278130517383666
e 40 14 1.8749245803848935
e 40 16 3.531323689444256
e 40 21 4.046381766279517
e 40 22 3.368294924689412
e 40 23 3.869800176564182
e 40 25 2.898537719748707
e 40 26 1.8952170819213399
e 40 27 1.5879346654140942
e 40 29 4.543405751442776
e 40 37 3.383620627380582
e 40 39 3.4026772986925167
e 41 13 3.477609047651791
e 41 17 0.45489754272074856
e 41 18 0.31452474784918805
e 41 19 4.410108746842176
e 41 35 1.943218692651571
e 41 45 0.4857495826355912
e 41 46 1.3576830454735682
e 41 53 2.2939125454954934
e 41 54 3.881754874596413
e 41 55 1.130087402945521
e 41 57 4.392442857476475
e 41 59 4.718268355602421
e 41 3 1.0337839325046771
e 41 5 2.205664519740788
e 41 9 2.7013482915160543
e 41 10 4.706108328169471
e 41 14 4.968595914297475
e 41 15 0.017810311161509662
e 41 23 4.982174759116047
e 41 27 2.5135495958493714
e 41 29 0.723844699689139
e 41 30 3.868644389256586
e 41 34 2.082935700165289
e 41 40 3.92563872179533
e 43 6 4.340532618488149
e 43 8 3.357238462607346
e 43 12 0.005768985794427084
e 43 13 1.0703278074027467
e 43 20 1.0227765427653934
e 43 24 4.192069452018482
e 43 28 1.3348174958031223
e 43 35 1.95919400188023
e 43 38 4.17799290307199
e 43 42 0.3456289803653173
e 43 44 2.00224235502791
e 43 45 3.923358694751638
e 43 48 3.1480907235755136
e 43 51 1.4863683787942565
e 43 57 2.9689312934724676
e 43 59 2.0041290492600172
e 43 3 1.2459828011495584
e 43 5 0.12796744659157255
e 43 7 3.761548197011221
e 43 9 3.828253438893379
e 43 21 1.8073280999642112
e 43 26 3.2605317344705327
e 43 27 3.5183715769784603
e 43 34 4.842861719441821
e 43 37 0.7572758652899841
e 43 39 2.662475813573213
e 45 0 4.072618408351964
e 45 19 3.3287064715008654
e 45 20 0.5239519310025575
e 45 24 4.722369802166465
e 45 31 4.475203661829449
e 45 35 4.319983103519405
e 45 53 2.377294938679709
e 45 54 3.310679172018963
e 45 10 0.5728914367423887
e 47 0 2.721469653187153
e 47 8 4.197526834602784
e 47 11 1.125044541235383
e 47 28 4.421383088598814
e 47 33 0.10557499290113348
e 47 42 0.8720520150402794
e 47 49 0.9003137081396412
e 47 56 0.47447640763663645
e 47 58 4.945291453213116
e 47 26 0.3326013591524485
e 47 30 2.4100800298204765
e 52 6 2.6624427479130026
e 52 19 2.057156853434303
e 52 24 3.2553652103103934
e 52 31 0.9169747826138336
e 52 35 0.6350793762662987
e 52 38 1.1717654654125975
e 52 44 1.923255890624621
e 52 48 4.826081760117111
e 52 49 0.4094906512172175
e 52 51 4.9841137609374515
e 52 53 4.654787920790492
e 52 54 2.307327601443518
e 52 1 2.82650645549561
e 52 3 1.6941630399941343
e 52 5 2.365755078584523
e 52 7 3.4635781397989684
e 52 15 4.150407767460559
e 52 22 3.1934979271292785
e 52 23 2.8443001418681146
e 52 25 1.3594001856440585
e 52 29 2.9787836091821536
e 52 32 1.317000727884814
e 52 40 4.632133006616057
e 55 4 4.892133807289454
e 55 6 0.26898264531620253
e 55 8 4.5267038707108
e 55 11 4.549233050411622
e 55 17 1.6763924318670393
e 55 19 3.097115931895407
e 55 20 1.0553183024130697
e 55 28 4.399960064451967
e 55 33 1.1960711444506733
e 55 42 0.1599195558005806
e 55 49 2.566211271763012
e 55 58 3.6571056261718478
e 55 9 4.8174038897626525
e 55 10 3.0871483458631594
e 55 14 1.217550786086465
e 55 22 3.72564240384941
e 55 30 1.9107922457914772
e 55 45 2.0036029244850404
e 57 4 2.214323988755238
e 57 6 3.4036904811614437
e 57 11 2.148073546079139
e 57 17 2.3746512797597368
e 57 20 3.590839329026841
e 57 33 0.41120229009213805
e 57 44 0.09357134166257941
e 57 49 0.09533869695580621
e 57 50 2.5909350517963663
e 57 51 1.9493654901308666
e 57 53 2.652541456708139
e 57 58 4.46031003185685
e 57 14 3.4876716152335447
e 57 45 0.34111614522402967
e 58 0 0.6171875730856352
e 58 8 4.042070756878713
e 58 28 2.5860285812297295
e 58 49 1.128273110135607
e 58 54 3.637333585649536
e 58 56 0.6397408999472759
e 59 11 3.50661787424325
e 59 13 0.3423709944408204
e 59 17 2.6705734204553195
e 59 18 4.2627868208827335
e 59 20 3.8744542588092736
e 59 28 2.1303927414656325
e 59 35 2.832775525139531
e 59 38 2.415739063381546
e 59 44 3.2582675724884513
e 59 53 1.568407984986226
e 59 54 2.9303218477239295
e 59 3 1.1648394093276178
e 59 7 3.2195078546268863
e 59 14 1.1343773925666045
e 59 16 2.0947330497826404
e 59 21 4.174141669628814
e 59 22 3.9723595718113276
e 59 23 4.297413020868673
e 59 25 4.677053566949678
e 59 29 1.5054210466824376
e 59 30 3.381029773163655
e 59 32 3.4844391153812735
e 59 34 0.875508803144171
e 59 36 2.0449295365192
e 59 37 1.5668247285490544
e 59 39 1.8065932442365484
e 59 55 4.256546769428183
e 59 58 3.4101227590084515
e 4 6 4.542906657773286
e 4 8 3.953272550916103
e 4 11 2.8291427639989064
e 4 19 3.3503052781117812
e 4 20 3.799615552768019
e 4 24 4.817843396182837
e 4 28 1.8317606134429725
e 4 49 3.432532709035933
e 4 51 3.994069048621988
e 4 54 2.6653237944901
e 4 56 2.993307285439069
e 4 7 1.6894347204156572
e 4 10 1.9749120369937923
e 4 21 1.8140541136965087
e 4 26 4.5064846085029515
e 4 30 2.815921256114038
e 4 37 4.225587403641323
e 4 47 1.7345992015508716
e 6 11 2.0179326425853663
e 6 35 0.3321078847610692
e 6 42 1.3275837143663527
e 6 51 1.1160287200180257
e 6 14 0.4853880706989955
e 6 26 0.10974938280512325
e 6 30 4.958364269854064
e 6 47 4.184138395323994
e 8 0 1.8894576132792045
e 8 28 0.23143427008927686
e 8 49 3.992044914285728
e 8 21 2.9476679576919573
e 8 30 1.9951026688511941
e 13 11 3.8681974778619415
e 13 17 3.6519876903860187
e 13 19 1.8021175599949657
e 13 24 3.7874247804823336
e 13 28 0.8703496637442609
e 13 38 0.19660108763562167
e 13 44 2.768091654335983
e 13 46 4.0851948211099804
e 13 49 3.371726694354902
e 13 50 2.6662002803680473
e 13 51 4.347024261521522
e 13 54 1.8936756046606495
e 13 14 4.427565208571497
e 13 16 2.7723566056676248
e 13 22 3.8058941401321373
e 13 23 4.963609475704649
e 13 26 4.377253236274588
e 13 30 2.95321222092503
e 13 34 0.49687671959842805
e 13 39 1.9655860147082593
e 13 45 4.093519348533396
e 13 47 1.776183755617759
e 13 58 3.7944041325857114
e 13 6 1.2806308722026554
e 13 8 1.6814441576459989
e 17 0 3.376253281913124
e 17 24 1.7013318497282992
e 17 28 0.8714649011497183
e 17 33 2.0053333767246224
e 17 42 4.21722705118112
e 17 49 1.8792738215871911
e 17 50 1.2387871181761816
e 17 56 4.871774394350049
e 17 10 0.8873237385591487
e 17 21 2.953376955173267
e 17 26 0.6447627805807798
e 17 47 2.930646163739745
e 17 8 1.0029512117603772
e 18 19 4.567875288664359
e 18 20 1.8714561393167817
e 18 28 4.2859413278266265
e 18 31 3.063155263059889
e 18 35 2.5186860804737607
e 18 38 3.33971556669883
e 18 42 2.5136473978819667
e 18 49 1.4347184183164885
e 18 51 0.7752627533817896
e 18 53 0.4649135380773889
e 18 56 1.1930681409550026
e 18 7 2.9161121331698387
e 18 16 2.3438313323902116
e 18 26 0.8796862901956104
e 18 30 1.1262538121716181
e 18 32 2.880617442098126
e 18 37 3.5758138137401674
e 18 39 4.11082384367844
e 18 47 1.4302471322803023
e 18 55 3.5227574505190806
e 18 6 4.5077529712826605
e 18 8 0.8986359612831302
e 19 0 1.7325490816192746
e 19 28 1.6186329205073624
e 19 33 4.643805662636057
e 19 51 1.273458536420704
e 19 54 4.40123061146439
e 19 56 4.872100876002118
e 19 10 3.2905001692987756
e 19 14 0.1573931891688657
e 19 21 0.6563715849798679
e 19 58 1.6740469518526768
e 19 6 1.2211335334941902
e 28 0 0.8343928245234433
e 28 35 1.0559703071065414
e 28 56 1.8943798775595322
e 28 10 2.21096411118118
e 28 30 2.2300240693383455
e 31 35 1.1320834656901884
e 31 51 0.05084640140126717
e 31 10 1.1674885832990234
e 35 0 0.12280679903688474
e 35 10 4.034441599068994
e 42 11 1.0687741932319827
e 42 56 3.4567208219148613
e 42 10 2.5684945379140434
e 42 14 4.062204290843833
e 42 21 0.1679645820171366
e 42 30 1.2461514951651291
e 42 8 4.676515601588763
e 42 28 2.3943494943648997
e 42 31 1.3460046372926677
e 46 20 2.679235307469159
e 46 44 3.3790223362606286
e 46 49 2.2629850096939084
e 46 50 2.5090814083638158
e 46 51 0.4677236642941912
e 46 53 1.0526800085339638
e 46 54 0.26706320626788904
e 46 56 4.794671562284804
e 46 7 0.06665394133084535
e 46 14 2.1753473297726966
e 46 36 1.1053320562000208
e 46 45 1.136421223831915
e 46 47 1.2583497605220817
e 46 58 2.9259582699514413
e 46 19 0.04147866583036508
e 46 35 1.8519775365189717
e 46 42 2.5497471085942562
e 49 54 0.1362380754706083
e 49 28 3.882031462911301
e 49 35 0.1368766727323545
e 53 33 3.7724043352312977
e 53 50 2.488131631036341
e 53 51 1.9714592279283667
e 53 10 4.420086450643379
e 53 14 3.264748675369584
e 53 21 3.0293043562808943
e 53 26 3.404174656045364
e 53 58 0.07594991859275646
e 53 6 4.107616799617239
e 53 17 1.2696259310162077
e 56 0 3.4731547133337055
e 56 10 0.11090136762327063
e 11 0 1.875036022154093
e 11 10 1.633802300620883
e 11 21 4.051459688005206
e 11 30 4.207138601885795
e 20 0 1.4925506094687218
e 20 33 3.6396007706195403
e 20 54 2.5771926717864915
e 20 58 2.1749191526189526
e 20 6 1.8305100290131011
e 20 17 2.9158585540769764
e 20 31 2.224858131122595
e 20 42 3.9108847299030547
e 20 49 3.168000347281203
e 24 33 0.10575639441325835
e 24 50 0.5837010738867893
e 24 51 1.5325765223612904
e 24 14 0.4145971342771254
e 24 21 3.726717750247734
e 24 26 0.9755238808732591
e 24 30 2.9188601756529153
e 24 58 2.562350287059858
e 24 6 0.2844051533508579
e 24 8 1.7325104851094304
e 24 28 4.4562558977336275
e 24 42 3.7120672959447254
e 24 11 3.6863775818454902
e 44 0 1.677469660470654
e 44 33 1.5042340652665132
e 44 50 3.5211109833214707
e 44 51 0.44976450736260276
e 44 54 2.4043617233903296
e 44 14 1.0449444710989901
e 44 26 4.177370348478776
e 44 4 0.29411449084406294
e 44 8 1.2764165029045111
e 44 17 1.2724025580741616
e 44 19 3.8922502657751155
e 44 28 1.5706527386271967
e 44 42 4.453995762368807
e 44 49 1.7759192690667418
e 44 53 0.8662890984917443
e 44 56 2.043859933891239
e 44 24 4.246213956650592
e 48 33 0.7881672516439042
e 48 38 0.1318823965254151
e 48 3 2.6545258502708546
e 48 10 0.7259366939416029
e 48 16 4.665960221309052
e 48 22 0.6513310197811345
e 48 23 2.0752954535011976
e 48 25 0.047102257064948194
e 48 27 4.080629936911885
e 48 39 1.9377544419481552
e 48 59 2.8168380383262015
e 48 13 0.6863086177324584
e 48 19 0.5193172794389805
e 48 28 1.4460246099353824
e 48 42 3.3949441691581224
e 48 46 3.8238776442402322
e 48 53 1.8146894084703724
e 48 44 2.4695888626037905
e 50 33 0.2560647133790539
e 50 54 3.101670141241768
e 50 21 3.274753905697115
e 50 30 1.9699936784491523
e 50 58 0.03339790787585062
e 50 8 1.4329353896345143
e 50 31 4.06547528484369
e 50 35 4.419487547969872
e 50 42 1.4300420196196129
e 50 49 0.2770977364998928
e 51 10 0.9033956946429728
e 51 30 2.5920019298951176
e 51 28 4.0860397479287505
e 51 35 0.6704001276361221
e 51 56 1.1557581586212113
e 51 11 2.1261767302932526
e 54 0 1.1680987784704815
e 54 10 2.07891894764547
e 54 21 2.5985365747239815
e 54 30 0.6049542444288819
e 54 28 2.6049585012398255
e 54 31 1.1624932683025513
e 54 35 3.4377798484849524
e 54 11 0.10107529256805137
e 38 33 3.821138967035963
e 38 14 2.2153997353357378
e 38 21 1.039974118368872
e 38 22 0.9027973055175192
e 38 30 1.4297717692012413
e 38 32 2.1650744682679552
e 38 37 4.009780266552163
e 38 45 0.07138745952680214
e 38 57 1.7266897276669824
e 38 58 4.527505572158041
e 38 4 2.2900771388617187
e 38 6 4.109148017197001
e 38 8 1.8137679745567226
e 38 17 2.2398536223751
e 38 28 3.833703518250027
e 38 46 4.615915829221836
e 38 49 4.124135919677919
e 38 20 3.3085696233136104
e 38 44 0.7821707126787231
e 38 54 1.8638124803261846
e 33 0 2.072568526738606
e 33 10 3.7652635269208847
e 33 14 1.8915893652473492
e 33 30 4.467760317307903
e 33 28 4.225458758130637
e 33 49 2.991848671332577
e 33 11 1.062481493843288
e 33 54 0.6715973716284601
e 12 0 0.9259357202544644
e 12 9 0.7159737110772918
e 12 16 3.452278542576784
e 12 25 3.3280366610461716
e 12 27 0.09192142945046
e 12 29 3.7617029915456723
e 12 30 2.5615285193900355
e 12 34 1.9678952735925004
e 12 6 4.511860017063472
e 12 8 2.768453284827034
e 12 13 1.1132592886824937
e 12 35 2.7005016489208664
e 12 46 0.37502072898998706
e 12 20 0.7088735045326472
e 12 44 0.2674682581721771
e 12 48 0.1787790170582304
e 12 50 2.926046538248391
e 12 51 2.738200749027798
e 12 54 4.019032840352063
e 12 38 4.57250300823221
