sem 0 1 66.71229441102722
e 0 1 0
e 1 2 3.8963014745390048
e 1 3 0.8539698667962364
e 1 119 3.601195334743445
e 1 90 2.8848084265414977
e 2 0 2.0776311173198625
e 2 4 0.2508836849033158
e 3 4 1.2105263488204376
e 3 5 0.27461370623631853
e 119 118 4.963858549873005
e 119 0 4.850637228263029
e 119 117 4.840170702674294
e 90 89 4.820762485639127
e 90 91 3.2086658824810996
e 4 0 0.6013397260684922
e 70 2 0.6180565908591534
e 5 6 0.985643884327253
e 5 7 2.2328733678973647
e 5 4 1.3842687217770426
e 118 116 1.0627148620624427
e 118 44 1.8443654419236104
e 117 67 3.2553916459789756
e 89 88 1.5800220061756431
e 89 87 4.24863244556208
e 89 91 2.3352973456793915
e 91 92 0.6815504877264866
e 91 93 3.0629487165246134
e 14 0 3.584558320404202
e 69 67 2.1732905986598103
e 69 70 3.471735415072676
e 71 72 1.1316536777617092
e 71 70 3.124980405938342
e 71 69 2.7973307408112387
e 68 67 4.236151976252937
e 68 70 4.440857090711599
e 68 69 0.8813367740615274
e 72 70 1.9484475392665757
e 6 7 1.6583419121437863
e 6 8 4.878911780980569
e 7 8 4.526147818319208
e 7 9 3.4057408498237947
e 116 115 4.1860516133791
e 116 117 1.1840259072790986
e 44 42 0.5968584703655833
e 92 93 2.2361852027301232
e 92 94 4.892203806177836
e 92 99 3.6500953238129332
e 92 118 1.487587768093267
e 115 117 2.6909794293707083
e 88 87 0.2490930798090446
e 88 86 1.099715671010032
e 88 109 4.009481158504113
e 87 86 3.6858726543791738
e 87 85 1.778366253015184
e 93 94 0.6032717874640808
e 13 14 4.339829668782073
e 16 14 4.51982411889751
e 73 71 4.518107531488817
e 73 72 3.9545651032335294
e 94 71 0.9532094637006483
e 66 15 3.666717023360456
e 66 68 2.192939888241241
e 74 72 4.07607870156872
e 74 73 2.7039344609352667
e 8 9 0.5906341546832511
e 9 11 2.556526719316108
e 9 47 0.23275152328561477
e 114 116 3.5109402871070072
e 114 115 0.6997298241853955
e 12 11 3.638453828795209
e 12 22 2.23933778989067
e 12 60 4.744191342498605
e 12 116 3.4802141588156443
e 45 43 2.6805882846139055
e 45 44 4.9646262415912865
e 42 41 1.6447993003915977
e 42 43 3.2978596874128203
e 42 40 0.2751003185613454
e 99 97 2.8432646437436992
e 99 23 1.408928318815799
e 113 115 3.374314405312316
e 113 114 0.7281866513505336
e 86 85 2.4048229551859275
e 86 84 3.250072879091962
e 86 34 1.0423733800602482
e 86 13 4.5317272893123395
e 109 108 2.5673711274247872
e 109 107 3.9772777722612718
e 109 111 1.1625763852965005
e 85 84 4.1485124196981005
e 85 83 0.8345019212586113
e 95 93 4.767330625488779
e 95 94 4.6431745021869
e 11 13 2.9845495138762628
e 15 16 1.2173583440876663
e 17 16 2.7068120163893807
e 17 15 0.09781346060511176
e 18 16 0.8649926570860816
e 18 17 2.9898657906301973
e 75 73 1.218027682970364
e 75 74 4.629942471970576
e 65 64 0.10888726173625518
e 65 66 3.5354394082360048
e 64 66 4.932847016356811
e 76 74 4.665626674579733
e 76 75 1.6265218134801596
e 10 8 0.4489102437576198
e 10 9 2.5500591911546495
e 10 12 0.7300794346408163
e 10 11 1.7214371920224991
e 47 46 1.741576999271116
e 47 49 1.4783888078954028
e 47 45 0.3866008489672651
e 22 21 3.7556744923537577
e 22 20 1.9942147071760874
e 60 61 0.04315218236111085
e 60 77 4.006733559604051
e 46 45 0.02667991256432689
e 43 19 3.391654738212468
e 41 43 1.4895315990022717
e 40 39 2.1840493923810427
e 40 38 4.3349060291840935
e 40 41 2.304270809447087
e 98 97 1.3863090283647055
e 98 96 3.6373329289212144
e 98 99 0.84052879239087
e 97 96 0.30376143721799087
e 97 95 3.3379593173859314
e 23 21 4.645153161083835
e 23 22 1.0617747006623324
e 112 27 4.434884836457636
e 112 63 2.066768045814022
e 112 113 3.7950515220981873
e 111 113 4.087978024773531
e 111 112 4.23895686988053
e 84 82 2.13514599827582
e 34 33 0.018332220629279083
e 34 32 0.19195668763561047
e 34 36 3.2955370308327794
e 108 107 2.027252307049614
e 108 106 4.0677142808858715
e 110 109 1.8046520762117757
e 110 112 4.974483172727064
e 110 111 0.40362286483020815
e 110 108 3.846414513967711
e 107 106 1.407626236391248
e 107 105 2.4220549372612
e 83 82 1.2044109987929081
e 83 81 1.4026699220352645
e 96 95 0.902301018021518
e 25 24 3.907126393878897
e 25 95 2.2435233374624546
e 25 23 2.7544025012489586
e 19 21 0.6889312006745296
e 19 17 3.1848922180804013
e 19 18 4.0179856066064765
e 20 21 4.6261917882461505
e 20 18 4.1916964716847875
e 20 19 3.799741623466373
e 77 75 3.359398215513104
e 77 76 2.6317133311056153
e 63 65 2.9123865882083306
e 63 64 3.864487831821573
e 54 56 2.6344790155411695
e 54 65 2.130629535621465
e 78 76 2.0188781696191067
e 49 48 1.0048698039070074
e 49 50 0.11523796766742145
e 24 22 0.3802140486730887
e 24 23 2.7139235733205176
e 59 61 3.49773723695892
e 59 60 2.31367106528272
e 61 62 0.45691512200879636
e 61 63 3.465694007164945
e 58 60 2.9729213843821647
e 58 59 1.4787311552998732
e 48 46 0.4263976238920214
e 39 38 4.416603648411982
e 39 41 4.609014452540554
e 38 36 1.233562771138842
e 100 98 0.856300045276075
e 27 26 4.069968856136411
e 27 25 1.9490730613728329
e 82 81 4.1510419069592235
e 82 80 3.302126021131555
e 33 32 1.3014744227094606
e 33 31 4.427661033363713
e 33 35 0.47347950320634824
e 32 30 2.5746746729469954
e 36 27 1.8307940216962915
e 106 105 1.7237024290909841
e 106 104 3.8698110387054245
e 105 104 0.09988734274012756
e 105 103 0.5142124610951387
e 81 80 1.0315591398833968
e 81 79 3.2747881376430077
e 101 83 3.8398279530321537
e 101 100 3.8658302720224063
e 79 77 3.7114131447762317
e 79 78 3.6269375016590066
e 62 26 0.3565698922877386
e 62 63 4.351112241137156
e 53 55 1.5660808540247795
e 53 54 0.05741699604363715
e 55 56 1.4028347246483124
e 55 54 2.716437326623413
e 52 54 2.572716427033584
e 52 53 1.6696785418672304
e 56 58 2.9826690896272714
e 80 78 3.9979806775901414
e 80 79 2.5020692647127425
e 50 48 1.8687447485608322
e 50 52 1.3272507644452325
e 51 49 4.80315818538713
e 51 53 0.894562004881867
e 51 52 3.864882874936098
e 51 50 1.3742421233287783
e 26 24 1.030697181986644
e 57 59 3.6625665567587196
e 57 58 2.06155517129826
e 57 55 1.9772433923659771
e 57 56 3.4991489519231993
e 37 39 1.9354535706247789
e 37 38 3.7495780170464315
e 37 36 1.408612207379708
e 102 100 4.411012883527806
e 102 101 2.0910335479341184
e 31 30 0.7917870273648614
e 31 32 4.511794286068314
e 35 37 1.4706911464468964
e 30 28 4.800472583082683
e 30 35 0.41775464079949365
e 104 103 1.677354275585477
e 104 102 3.2049110700030594
e 103 101 1.9031001888562722
e 103 102 1.530152432296783
e 28 26 0.17275250059445912
e 29 31 2.5402844709858936
e 29 30 4.823753786303142
e 29 28 1.7128248948237195
