sem 0 9 66.35260626646193
e 0 9 0
e 9 7 4.894779635008285
e 9 3 3.720392896050908
e 7 6 0.39126766711166716
e 7 5 0.8612327309109863
e 7 2 4.006057542472782
e 7 4 4.978743813365718
e 3 2 2.5768937192511494
e 3 4 3.9016616807854447
e 3 1 0.8545981611777598
e 3 5 3.7573693407431192
e 6 5 0.5564816970827935
e 6 8 4.694314931205634
e 5 4 1.3192381367640853
e 5 2 1.487341548771342
e 2 0 1.0809578824319592
e 4 0 0.2152609335062322
e 1 8 2.3141940120114777
e 8 2 3.012598721614424
e 8 4 4.438923816995045
