sem 0 1 50.256317800574784
e 0 1 0
e 1 2 1.1567905381810017
e 1 3 0.6718460337022414
e 1 199 0.3001688544866088
e 2 0 1.698190816335861
e 3 4 0.5527772958969712
e 3 5 1.7562659898956827
e 3 2 1.5198961930218258
e 199 198 2.123048073181339
e 199 0 3.689825158748538
e 199 197 0.2991127090590817
e 4 5 0.32684568002737613
e 4 6 2.803885745805555
e 4 2 3.685136814517863
e 5 6 1.0501458898422833
e 5 7 3.3739889838864565
e 198 0 2.9143315196725106
e 197 196 4.24461514157355
e 197 195 2.898449317773582
e 197 198 2.0941023805479757
e 6 7 2.176655465508894
e 6 8 3.0090966705101785
e 6 119 4.165476498768745
e 7 8 0.7436344972118941
e 7 9 0.08874764188820217
e 196 198 2.9661981960037584
e 171 198 4.337957527425159
e 195 196 2.6412440229555463
e 8 10 0.08644935064593628
e 119 118 0.802934777268075
e 119 117 3.2362796608109106
e 119 121 3.4602218173367447
e 9 10 2.136660472463847
e 9 11 1.7745207524186302
e 9 8 1.4963098793909198
e 170 171 0.04574797290916033
e 169 171 4.453801589580101
e 169 170 1.0836998116718288
e 173 171 1.1422828084746472
e 194 193 3.64616903504876
e 194 192 0.31171067983797374
e 194 195 3.631718879646613
e 193 191 2.188867585162033
e 193 195 3.487286552618905
e 10 11 2.268075483182143
e 10 12 1.0226158087335873
e 118 117 4.4183423753079785
e 118 116 0.5332591100834849
e 118 120 0.8429616326025352
e 117 115 0.11625445802779188
e 121 122 4.772029492041195
e 121 123 1.2760105174971774
e 11 13 0.5952687633477843
e 11 114 1.2682021459038861
e 168 170 2.067821026045735
e 168 169 0.35191519278260364
e 172 170 3.461173327048303
e 172 173 4.472174018864462
e 167 169 1.095134989833439
e 167 168 0.6019931004363421
e 174 175 4.461667172603568
e 174 173 3.1567292841707295
e 175 173 4.189547869189397
e 192 191 4.971777817582018
e 192 190 3.720408810825313
e 93 94 3.8908584100674153
e 93 95 1.8501734433315264
e 93 194 3.634286151906421
e 191 189 3.5078650243483844
e 12 13 4.564638617448187
e 12 14 1.631910321200244
e 116 115 2.6921119630692623
e 116 114 1.8581483160821803
e 116 117 3.178767987205182
e 120 122 1.815107431331036
e 120 121 3.582047271049775
e 115 114 1.0264645253731286
e 115 113 4.446205723043199
e 122 124 2.1235818738303665
e 122 142 0.8567125890104543
e 123 124 0.9868998392006295
e 123 125 0.7383410029125015
e 13 14 4.93417847307584
e 13 15 2.475783386089872
e 114 113 4.932207665619381
e 114 112 3.6243579890336877
e 114 180 2.3976193030033306
e 104 172 2.7867701159519114
e 166 165 1.454178857839083
e 166 167 3.941566453010687
e 165 167 2.0243716084761045
e 27 167 0.34788959949559883
e 176 174 3.773013659176562
e 176 175 1.6717147614217065
e 84 174 4.194747733453477
e 177 175 2.2540648067515923
e 177 166 4.6540661960288325
e 190 188 1.5778937248402753
e 190 191 1.85270509388606
e 143 141 0.8459368003132328
e 143 192 2.4876689395851406
e 92 94 4.193739557639823
e 92 93 4.499304602533859
e 94 95 4.596272874287636
e 94 96 2.9250361032998438
e 91 93 3.2291382534545616
e 91 92 2.7925082047155487
e 95 96 2.976355180181629
e 95 97 3.782328535947329
e 189 22 0.5953423575144179
e 14 15 2.1607559846731803
e 14 16 4.933887608419301
e 113 112 3.7832465343912647
e 113 111 1.753705911689083
e 124 126 4.266377744958039
e 124 97 0.41393222479614633
e 142 141 2.205389661392555
e 142 140 0.9019038816479591
e 142 144 3.122882017023268
e 142 185 3.8428049092770404
e 125 126 1.9091499955970292
e 125 127 4.2460428855362595
e 15 16 2.262618888915699
e 15 17 0.07269616135488766
e 112 111 1.5273415134377206
e 112 110 3.0142897144158027
e 180 178 4.575989992615483
e 180 182 1.415585220424701
e 180 153 0.4977143049666516
e 103 102 3.258257811608977
e 103 109 3.55294555549944
e 103 104 3.5277456996341345
e 102 104 2.093615424504003
e 106 44 0.6651955642872187
e 106 104 1.5215366823628713
e 46 45 4.500501408034989
e 46 47 2.1761084176143974
e 46 104 4.286296961978466
e 164 163 4.291372463704594
e 164 166 2.5676493950572112
e 164 165 1.248026965061582
e 163 165 0.6353356627033752
e 26 25 3.2949257350359855
e 26 27 0.6196456809638196
e 28 27 1.4735651443274334
e 28 26 0.5195357943037426
e 25 27 0.5228061364311987
e 178 176 2.8212875932982278
e 178 177 3.4894346204565863
e 68 176 1.9630726916422496
e 83 82 2.7892439629236634
e 83 81 4.628932968405771
e 83 84 1.4319459880877057
e 82 81 1.2545572541241383
e 82 80 0.9035893069736867
e 82 84 1.7987262399625132
e 86 85 0.5482615505192334
e 86 84 2.6913433082438063
e 179 177 2.3293734769648644
e 179 178 2.3714616027252426
e 188 189 1.7581824427850368
e 144 143 1.4845929180471584
e 141 139 1.064374836588865
e 141 32 3.5786968213175143
e 145 143 3.4240556921763856
e 145 144 1.0555912907261111
e 90 89 1.3304159463436682
e 90 92 4.906116190977636
e 90 91 4.479211818754586
e 96 97 3.9889614555085435
e 96 98 4.02782674905969
e 89 87 0.45128639291973194
e 89 91 2.8889345534142596
e 97 98 0.46049330029886926
e 97 99 2.1325791907041074
e 97 179 4.981636722481056
e 187 189 2.724982020262157
e 22 23 2.3552670450147497
e 22 24 0.5030657005540384
e 16 18 1.5289994135492342
e 16 54 0.5317268261746755
e 111 110 3.754398051774489
e 111 109 2.2470696241357273
e 126 127 3.091631997978804
e 126 18 1.8968628340612677
e 140 139 2.226443188502289
e 140 141 1.7221426169092053
e 185 186 2.48154430056382
e 185 187 3.796385990383567
e 127 105 1.2285880778224585
e 17 18 3.8075626089816406
e 17 19 4.666776413411938
e 17 16 4.556865189202167
e 110 108 1.9601134205743698
e 182 181 0.49480381002330154
e 153 154 0.003924858922926822
e 101 103 0.4605876889360566
e 101 102 1.4394597001469
e 105 107 3.2482496920823536
e 105 103 4.198715470721065
e 109 108 0.623685110586425
e 109 107 1.713849682224845
e 100 102 1.1171678337173003
e 100 101 2.455842286330056
e 108 107 2.167407859588293
e 108 106 1.3851435283562226
e 44 43 0.47747251587569817
e 44 42 0.5315097491101201
e 49 47 4.923962494462759
e 49 106 3.505581284558097
e 45 43 4.639039273457247
e 45 44 4.006520954079908
e 47 45 0.2146419488211987
e 48 46 0.430606642028733
e 48 49 2.473824098352436
e 48 47 3.450249963312782
e 162 164 0.0020938129385156268
e 162 163 0.1657330595048534
e 161 163 2.409653716763671
e 161 162 2.3382285387823365
e 24 23 3.939952704530136
e 24 26 4.6539266536616655
e 24 25 3.231643684401378
e 23 26 1.8525899450591625
e 29 28 3.9303699568301864
e 30 28 3.3752412011768036
e 37 28 2.721294596855044
e 67 66 0.902079603873881
e 67 68 1.4711381912673815
e 69 68 3.827381628844294
e 69 67 0.1666994714081388
e 66 68 3.3277717424474944
e 70 68 1.5425904923798894
e 81 80 1.9293520507097122
e 81 79 1.5947062973591153
e 85 83 1.5236745025009153
e 80 79 3.862343561419925
e 80 78 4.865263542673327
e 87 86 4.778538538225437
e 87 85 4.511903926658525
e 88 86 3.302605732805142
e 88 90 0.8281139671514509
e 88 89 1.4680309083744607
e 88 87 4.070180299664077
e 181 179 0.240442021732456
e 181 187 1.1929769789541378
e 186 188 1.240189293273351
e 146 144 2.0975055796636406
e 146 145 3.7190244158516
e 139 48 4.336406361178078
e 32 31 3.2536747774960375
e 32 33 1.0702744711307814
e 32 30 3.757743453242159
e 147 145 1.2215439334278966
e 147 146 4.0325361111363724
e 98 99 1.3201495059739854
e 98 100 3.5720824351487295
e 99 101 2.4401904403078944
e 99 100 3.76284462515795
e 21 22 2.943346433776031
e 21 23 2.026310736121494
e 20 22 3.684605495135335
e 20 21 3.698971976882293
e 18 20 3.8503310695225235
e 54 53 0.42157188847164573
e 54 55 2.0414829016565754
e 54 52 3.9231635407627237
e 128 126 2.808477509621088
e 128 127 1.8576316556116073
e 138 137 2.8798780134891167
e 138 140 1.6404396481256034
e 138 139 3.6104489702115523
e 184 185 4.382479959116189
e 184 182 2.491220175750449
e 184 186 3.126312574920529
e 183 185 2.9072765415828634
e 183 182 4.5147297095449614
e 183 181 2.4475402822499666
e 183 186 4.612374452094097
e 183 184 2.496585385709977
e 129 127 3.2184672331762165
e 129 128 2.9925377687491794
e 19 21 0.42659130521474964
e 19 20 2.5849252818254085
e 152 154 2.4476724022894207
e 152 153 4.205127843773085
e 154 155 4.797050827987388
e 154 156 4.44543765073752
e 43 42 3.602955247071984
e 43 41 0.5179512465366304
e 42 41 1.0542064431641647
e 42 40 1.2313286654159388
e 71 44 3.91262480613518
e 71 69 2.310349778204751
e 71 70 1.1096915571269528
e 76 74 2.3501872938623887
e 76 44 4.081415060393394
e 50 51 3.3523624759201804
e 50 49 1.8198690604981016
e 160 159 1.1200981005264703
e 160 162 3.985801248084834
e 159 161 1.3095144011095494
e 31 29 3.911008149160462
e 31 30 1.5895573169506254
e 31 160 4.120377408719081
e 33 34 0.28427808501612084
e 33 35 3.6418583837570546
e 33 29 2.204970648743789
e 33 31 2.5411749052674555
e 36 35 2.2958925991780896
e 36 34 0.8392399614014318
e 36 37 1.724748624243987
e 38 37 1.5621474428410527
e 38 36 1.8146200347596992
e 35 37 0.8597247907045535
e 65 64 2.8383168875987055
e 65 67 4.714566806183667
e 65 66 3.341646935921128
e 72 69 1.1576135734786686
e 72 70 3.2756408676681907
e 72 71 3.5191799649031235
e 64 66 1.4576171901274448
e 79 78 4.932230146496338
e 79 77 2.5060434117016634
e 78 77 4.215271780098901
e 148 149 3.042888516580674
e 148 146 2.799569491159908
e 148 147 4.653777708564212
e 137 139 4.4168659001772195
e 149 151 0.30080375047911223
e 149 147 3.633748347448332
e 53 52 4.197554364376742
e 53 51 4.065886024799944
e 53 55 3.522332194709603
e 55 57 2.370933441029637
e 55 19 1.6784978718860093
e 52 51 4.787550353834193
e 52 50 1.705613545947147
e 130 128 2.880291378357693
e 130 129 0.36726613755956095
e 136 138 1.3125711184130762
e 136 137 4.365260457590157
e 131 132 0.9945166453571763
e 131 129 3.880909056473238
e 131 130 2.7812795805815806
e 151 152 3.922745425138825
e 151 154 1.1129887262587845
e 150 152 2.449723004981952
e 150 148 2.196215921601789
e 150 149 2.351403752441452
e 150 151 3.627495894595501
e 155 157 0.5538541354524318
e 156 157 3.0710187962949913
e 156 158 2.280845675698285
e 156 155 4.260817705279781
e 41 40 2.0993513286528858
e 41 39 1.4600336290808298
e 40 39 0.8802252985163567
e 40 38 0.15974190608094796
e 73 74 4.0425994011412465
e 73 71 4.578572495468157
e 73 72 4.088963381744254
e 75 74 4.677101252959054
e 75 76 2.7536458122076746
e 75 73 3.611162381000115
e 77 76 4.928286275843481
e 77 75 4.738676027515402
e 74 72 4.705328822294823
e 158 157 2.46234106107724
e 158 160 0.7046372711908677
e 158 159 1.2484565626515924
e 157 159 0.1114105542201127
e 34 35 3.817929603647516
e 39 38 2.895882314103653
e 63 65 0.3614976874644049
e 63 64 2.968962807257591
e 62 61 2.29050971621463
e 62 64 4.225171327188465
e 62 63 2.0596604424078757
e 135 137 4.38965262223258
e 135 136 1.4832806450428615
e 57 56 4.0237751292438375
e 57 58 4.668070626816901
e 57 59 4.195756261283145
e 132 134 3.129932661418197
e 132 130 3.918020192856031
e 134 136 0.839788822430077
e 134 135 1.7604372461264972
e 133 131 0.08650664329579394
e 133 135 2.4281914117050603
e 133 132 2.634283025713089
e 133 134 1.488436668762898
e 61 59 1.109118962956528
e 61 63 4.974107607190589
e 60 59 2.9840677867194962
e 60 62 3.760349166111616
e 60 61 3.937711550753296
e 56 58 1.2109131507924604
e 58 59 2.4935212215025926
e 58 60 1.3857293987437673
