sem 0 1 100
e 0 1 0
e 1 2 1
e 1 3 1
e 1 29 1
e 2 0 1
e 2 26 1
e 3 4 1
e 3 5 1
e 3 8 1
e 29 28 1
e 29 0 1
e 29 27 1
e 4 2 1
e 26 27 1
e 26 28 1
e 5 6 1
e 5 7 1
e 5 4 1
e 8 7 1
e 8 6 1
e 8 10 1
e 28 0 1
e 27 28 1
e 6 7 1
e 6 4 1
e 25 26 1
e 25 27 1
e 24 26 1
e 24 25 1
e 7 9 1
e 10 9 1
e 10 11 1
e 10 12 1
e 23 25 1
e 23 24 1
e 22 24 1
e 22 23 1
e 9 12 1
e 9 21 1
e 11 12 1
e 11 13 1
e 12 13 1
e 12 14 1
e 21 20 1
e 21 22 1
e 20 22 1
e 13 15 1
e 13 16 1
e 14 15 1
e 14 16 1
e 19 21 1
e 19 20 1
e 18 20 1
e 18 19 1
e 15 16 1
e 15 17 1
e 16 17 1
e 16 18 1
e 17 19 1
e 17 18 1
