sem 0 1 58.766132603585554
e 0 1 0
e 1 2 2.799267574104225
e 1 3 4.517645201789246
e 1 59 0.11938741740465608
e 2 0 0.34249491567441115
e 3 2 0.597406093507134
e 59 58 3.3923194891961583
e 59 0 4.441563767623488
e 59 57 1.1057273470752844
e 59 4 3.6347885221147767
e 4 2 4.561200495656924
e 4 3 0.38483270259066504
e 5 3 0.9578328593069496
e 5 4 0.7939400764957261
e 58 56 3.241015687347024
e 58 10 3.535523231496117
e 57 55 3.9091815306527726
e 57 58 1.8668323235218094
e 6 5 0.8824900101058547
e 7 5 2.360709055701851
e 7 6 4.027418492667999
e 56 39 1.7105092533863475
e 10 8 0.20511892397193698
e 55 54 1.0210187496112417
e 55 53 2.5592711905746186
e 55 56 1.7166466995547147
e 8 6 4.431070721316033
e 8 7 1.8804816785989542
e 43 7 2.4934029742306723
e 54 56 0.32007032973129734
e 39 38 3.4878572707995508
e 39 40 0.6850589949045088
e 39 37 0.8841949771017499
e 39 41 1.4932563918916442
e 9 10 0.3393864386895806
e 9 8 2.276071445087104
e 11 10 4.415698375035609
e 11 9 2.0063946784821756
e 12 10 3.1146914684683304
e 12 11 3.5650780919493026
e 53 51 2.3329932175952277
e 53 54 1.9953097196940983
e 42 41 2.893497915464207
e 42 40 4.469887584382139
e 42 43 2.831479722625281
e 44 43 2.517250081080279
e 44 42 4.9329899133591475
e 41 40 0.7279847695857578
e 41 43 0.3798294586023432
e 45 46 3.4537439538932495
e 45 43 3.2331602593889306
e 45 44 2.0800994419592045
e 52 51 2.055924769190259
e 52 54 2.223397568377912
e 52 53 0.351381535251421
e 38 37 3.617349383258634
e 38 40 3.911129461667324
e 37 36 0.6031435201031143
e 37 35 4.9367758327214695
e 36 35 4.158770538866897
e 36 34 2.4443030384227624
e 36 9 1.198131615357498
e 13 11 4.8864325293051465
e 13 12 3.7817588835204803
e 14 12 3.8270352201007665
e 14 13 1.0125225675323046
e 51 49 4.248691992717347
e 46 30 2.0486671824359077
e 46 44 0.7658462051943071
e 47 45 1.4717521852332838
e 47 46 4.275936749995307
e 50 49 1.92467303294718
e 50 52 0.4739832354951723
e 50 51 1.749710991303
e 35 33 0.010649934322879973
e 34 33 0.8375214901975608
e 34 32 3.1848202926836215
e 34 35 4.388276448873297
e 15 13 1.3307200203872944
e 15 14 2.056014864352056
e 16 14 0.9769506659389854
e 16 15 0.617427343849703
e 49 20 4.6373809519410045
e 49 47 0.3952397835283533
e 30 29 1.5548084859338767
e 30 31 3.5097044978486993
e 30 28 1.719055540714386
e 30 32 4.484454986146966
e 48 47 4.294098218626424
e 48 50 0.1275740584924573
e 48 49 4.00808463406778
e 33 31 2.4754954980748556
e 32 31 4.90204535919406
e 17 15 1.6080529803492678
e 17 16 0.16801557662511846
e 18 16 3.034518888196236
e 18 17 2.1277390297412575
e 20 19 0.9387994778484149
e 20 21 4.334351359768752
e 20 18 3.809418061521141
e 29 31 1.2012988776572002
e 28 27 2.4851264416190455
e 28 26 0.504553375449725
e 28 29 3.213945544859741
e 22 24 1.9491095850608253
e 22 32 1.8339793959493127
e 19 21 1.824148710391586
e 19 17 4.376100130950539
e 19 18 3.5202562960677604
e 21 23 0.625728126694034
e 21 22 2.220650887775828
e 27 25 4.246792578165398
e 27 29 1.256380339214992
e 26 25 1.0571895368079183
e 26 27 2.7465073625452563
e 23 24 1.8698923850143545
e 23 25 2.543379369258023
e 23 22 0.24415147844177532
e 24 25 0.7833156183885892
e 24 26 0.006790130153363494
