sem 0 12 50.60190325240852
e 0 12 0
e 12 24 4.322536596364009
e 12 13 4.553337545524819
e 24 36 1.201418463277852
e 24 25 2.4205353547739232
e 13 1 1.345089292445902
e 36 48 4.620781233686298
e 36 37 2.4663419248138716
e 25 26 0.9946788963211473
e 25 13 0.7717055272260009
e 1 0 2.35270165195013
e 14 2 4.425081247528013
e 14 15 4.420700211492456
e 14 13 0.3015428979888257
e 48 60 1.2090215885207494
e 48 49 4.517426360399776
e 37 49 2.738909794888531
e 37 38 1.877079484290332
e 37 25 4.4425952235356885
e 26 27 1.1802600199383784
e 26 14 1.1611166104285975
e 2 1 3.5855234848760746
e 15 3 0.5993404544654829
e 60 72 4.857107519934142
e 60 61 0.8856945516070464
e 49 61 0.5705392097816347
e 49 50 3.118278444045563
e 38 39 0.8450308745212332
e 38 26 1.188274938505195
e 27 28 0.1915962652836639
e 27 15 2.740226909302683
e 3 2 0.9560367723420427
e 16 4 1.3651194569105702
e 16 15 2.6524293006698976
e 72 84 1.7835593737843336
e 72 73 2.0327632881634057
e 61 73 4.859417128832285
e 61 62 1.1281147288051159
e 50 51 4.774255219559421
e 50 38 0.8705720282795076
e 39 27 0.0038441531905986093
e 28 29 0.09641046533536368
e 28 16 1.2702960998237915
e 4 3 0.6116648985210321
e 17 5 0.8826592704055208
e 17 16 2.034111027655305
e 84 96 2.6688074681487857
e 84 85 1.9240396659187764
e 73 85 2.5169475029654693
e 73 74 2.979383440053156
e 62 74 1.6564835949203434
e 62 63 0.009462204621316084
e 62 50 1.9483418687305525
e 51 39 0.6812415628822394
e 40 39 1.6958339426471873
e 40 28 4.903129039103244
e 29 30 2.2290854324133385
e 29 17 2.1429813838468883
e 5 4 1.7226550242895016
e 18 6 0.506671506196506
e 18 17 3.0402829929886312
e 96 108 3.543454589695305
e 96 97 3.11920179059386
e 85 97 0.6544091519835782
e 85 86 1.687877904239568
e 74 86 4.808512338075733
e 74 75 3.7256632884096677
e 63 75 2.3086189731166664
e 63 64 3.0308976545172372
e 63 51 4.330845021487692
e 52 53 1.026579572380798
e 52 51 3.620161415936275
e 52 40 4.356143887281611
e 41 42 4.986761519863613
e 41 40 0.8805324787589319
e 41 29 2.969093036220827
e 30 31 4.126701751105651
e 30 18 4.834652596057909
e 6 5 0.5495999910709959
e 19 7 3.691520176128806
e 19 18 3.9167580037442025
e 108 120 0.12111260032802273
e 108 109 1.0944548525663722
e 97 109 4.825055842462274
e 97 98 2.2507829087838505
e 86 98 2.522315503871812
e 86 87 3.1229135943797526
e 75 87 4.995265082290477
e 75 76 2.0552097819271653
e 64 65 2.298367171114273
e 64 52 1.5003591894114288
e 53 54 1.4531617103577816
e 53 41 1.1514735230339879
e 42 30 1.094153609742281
e 31 19 0.8402895364365398
e 7 6 0.7894587732002972
e 20 8 0.6114242402229564
e 20 19 0.7445523614689936
e 120 132 4.767701590225925
e 120 121 4.58248088687701
e 109 121 4.151501216274433
e 109 110 3.452449269673306
e 98 110 0.0064007660421183665
e 98 99 3.5462971267477803
e 87 99 0.22148257154955275
e 87 88 2.6241950825570193
e 76 88 2.0010215406229803
e 76 77 4.664650540247467
e 76 64 2.0481117157875213
e 65 66 1.8368343524955888
e 65 53 0.54667771758038
e 54 55 3.7454571549211604
e 54 42 2.897097872670953
e 43 42 3.203241564299762
e 43 31 4.218617553068535
e 32 31 3.804229221098661
e 32 20 1.498307328813175
e 8 7 4.404941626430833
e 21 9 4.393847758900968
e 21 20 2.461261122454055
e 132 133 3.9437374614983933
e 121 133 3.525823815631239
e 121 122 2.8197843934747286
e 110 122 1.3594282358767367
e 110 111 0.28723178040988007
e 99 100 3.589720964856229
e 88 89 1.6760891378125868
e 77 78 1.1333092958512425
e 77 65 0.7914735215004776
e 66 67 0.14930647575140343
e 66 54 1.9663068696331027
e 55 56 4.497538945319261
e 55 43 3.6638762151530186
e 44 43 2.1995071943200144
e 44 32 2.01563390023012
e 33 32 4.785771902216838
e 33 21 4.70305001113052
e 9 8 1.8354045139529847
e 22 21 1.1434890306902972
e 133 134 2.969831865421424
e 122 134 3.611827886414087
e 122 123 4.302859112046033
e 111 123 3.239872822395748
e 111 112 3.3486775344946813
e 111 99 3.7664012727389817
e 100 101 2.354396885397571
e 100 88 3.3390214289486164
e 89 90 4.846500292752249
e 89 77 3.716316997431446
e 78 79 0.23750365910305604
e 78 66 3.6428606501945504
e 67 68 3.813742473700223
e 67 55 2.840982929777204
e 56 57 0.6532709567405925
e 56 44 4.316779633413217
e 45 44 1.6308443370457075
e 45 33 3.12848889004664
e 34 33 4.599478599520019
e 34 22 2.124875921641202
e 10 9 4.026398479849174
e 10 22 3.848695962431008
e 23 22 2.645232663395067
e 134 135 3.356594192851742
e 123 135 1.0656946531675315
e 123 124 0.8116163648585023
e 112 113 3.1577059816361137
e 112 100 4.776926831647497
e 101 102 2.3158197021124742
e 101 89 3.662371014792952
e 90 91 3.867566295890153
e 90 78 3.1371925388019233
e 79 80 0.35411566211449474
e 79 67 4.904706272502832
e 68 69 4.305092356083949
e 68 56 1.6951502529116502
e 57 45 2.754291473339557
e 46 45 4.8046877789047295
e 46 34 4.616504664876348
e 35 34 3.2733184165065063
e 35 23 2.1416959069333004
e 11 10 3.3136864406726345
e 11 23 4.163229786927965
e 135 136 2.59304113702658
e 124 136 2.6732881093521916
e 124 125 4.554240009171911
e 124 112 1.6159712161196516
e 113 125 0.862902372935439
e 113 114 4.5304095086314415
e 113 101 2.4603617126174706
e 102 103 3.467218837543084
e 102 90 0.7369010171219076
e 91 92 3.818110836516928
e 91 79 3.1358619879734944
e 80 81 1.8758413199440815
e 80 68 1.9824799099230161
e 69 70 4.495945010088208
e 69 57 2.5539319665236433
e 58 59 4.7302928999323575
e 58 57 3.0734344004376397
e 58 46 4.7948089583923625
e 47 46 1.884626210476776
e 47 35 2.179310956725345
e 136 137 3.523688273370051
e 125 137 2.188695748327394
e 125 126 4.425826605882866
e 114 126 2.374519250434063
e 114 115 1.9990075307603399
e 114 102 3.9825121911872126
e 103 104 4.4048585948522945
e 103 91 4.75288290901439
e 92 93 0.3312166555844198
e 92 80 0.37827983205637183
e 81 82 3.468809830408459
e 81 69 1.1141145092505806
e 70 58 2.6844232370465755
e 59 47 1.174718070594678
e 137 138 0.16801492155352815
e 126 127 0.4077355209766159
e 115 116 3.095530805588234
e 115 103 3.855640893789251
e 104 105 3.3648206176017497
e 104 92 1.3585987871022747
e 93 94 4.6768171064583015
e 93 81 2.4946720660171344
e 82 83 0.7362999134215648
e 82 70 4.248811583669666
e 71 70 1.9090167028255078
e 71 59 3.764743833421696
e 138 139 2.3371645851310485
e 138 126 2.2370647578026737
e 127 128 0.8107294452461661
e 127 115 2.6276050636726285
e 116 117 2.1362639975600954
e 116 104 3.9096035458274967
e 105 106 0.690357974947981
e 105 93 2.109501897411782
e 94 95 2.8470401255812945
e 94 82 0.8298607082924481
e 83 71 1.5532027136592252
e 139 140 1.6509918172274336
e 139 127 2.121507516085189
e 128 129 1.8605913576139517
e 128 116 0.21232931469504668
e 117 129 2.6931757219447516
e 117 118 3.637093255058274
e 117 105 2.8856469713431143
e 106 107 4.378399487990114
e 106 94 3.7596422552339623
e 95 83 4.505329576198421
e 140 141 1.5860424648134985
e 140 128 1.6445942010722392
e 129 130 0.8012596506171304
e 118 119 3.3419411924868037
e 118 106 3.08913499754945
e 107 119 4.81743025243119
e 107 95 1.3464945553151708
e 141 142 1.843896312976423
e 141 129 2.359225767180053
e 130 142 0.14438128908441816
e 130 131 4.694018281522043
e 130 118 0.9835884636725029
e 119 131 0.18624367979135525
e 142 143 3.661557655727547
e 131 143 0.072372814985463
