sem 0 6 14.394044034666571
e 0 6 0
e 6 12 2.584478723348416
e 6 7 3.2793662012028406
e 12 18 1.2285139296292102
e 12 13 1.4402380602715987
e 7 1 1.5857326092716812
e 18 24 2.941597148428732
e 18 19 1.8799633877788096
e 13 19 1.76810502649098
e 13 14 2.436203699347902
e 13 7 3.3235901302051336
e 1 0 4.5667599115276065
e 8 2 2.75282351223784
e 8 7 2.4166898957627625
e 24 30 0.3605881169736874
e 24 25 3.0975177341826448
e 19 25 3.181066675052835
e 19 20 1.2964973519496477
e 14 20 0.3277460784915903
e 14 15 3.0184793127640406
e 14 8 1.420975033027958
e 2 1 4.684532769474536
e 9 3 4.691889474677511
e 9 15 4.645865984157758
e 9 8 0.5805125951000867
e 30 31 2.237514063470731
e 25 31 1.6378730464348434
e 25 26 4.821741559813953
e 20 26 1.7415356680040999
e 20 21 0.7581175706940879
e 15 21 1.812306851245018
e 3 2 1.5284137423305977
e 10 16 1.4492371864736726
e 10 9 0.6461439647753481
e 31 32 2.027284610846964
e 26 32 3.57600450599263
e 26 27 2.7520072342759434
e 21 27 2.8975549559114495
e 21 22 3.2119991031140267
e 16 22 3.8356791322799078
e 16 15 0.542568199519371
e 4 3 4.388620237098292
e 4 10 0.49942644378320356
e 11 17 0.49561447372500955
e 11 10 0.3397839261232266
e 32 33 2.395642972484487
e 27 33 0.8808638380163153
e 27 28 1.3412523577578472
e 22 28 0.8238077626714713
e 22 23 4.219468274311106
e 17 23 4.905782508508317
e 17 16 3.619601691550953
e 5 4 0.7212714194735109
e 5 11 3.4757355679523356
e 33 34 2.8512974452007533
e 28 34 1.1112618384042106
e 28 29 1.334435500614778
e 23 29 2.9481394023529957
e 34 35 4.0954779267634756
e 29 35 3.01002270298652
