sem 0 10 12.789585859279711
e 0 10 0
e 10 20 0.696074557910854
e 10 11 2.5515120971241396
e 20 30 4.652185336604539
e 20 21 1.5615524069143105
e 11 1 1.4368882481768601
e 11 12 0.8295689518273619
e 30 40 1.3136681028986064
e 30 31 0.6472920526464526
e 21 31 4.184172558804296
e 21 22 4.8830780338398565
e 21 11 4.482418986487218
e 1 0 4.005341269945605
e 12 2 0.663121293993788
e 40 50 4.536216914894697
e 40 41 1.784959429898857
e 31 41 0.13263449650142534
e 31 32 3.198548393838095
e 22 23 1.242646503781986
e 22 12 1.4914543377194693
e 2 1 0.1761794456059962
e 13 3 0.33292286616711186
e 13 12 1.6148315477360282
e 50 60 3.4496733725673767
e 50 51 3.616967830967708
e 41 51 1.8526186606233757
e 41 42 2.097327302660523
e 32 33 3.226527373227537
e 32 22 0.4245802732616444
e 23 13 0.7288944699688493
e 3 2 2.5540306046681795
e 14 4 3.9275880835002557
e 14 13 0.9129000805446819
e 60 70 2.280071335990328
e 60 61 1.2544401667339948
e 51 61 0.9731327779554316
e 51 52 0.9608027999055391
e 42 43 1.778491310038533
e 42 32 3.159583748828701
e 33 34 1.1742795824996488
e 33 23 1.0194553567937943
e 24 23 3.559904237362005
e 24 14 0.9089483443220758
e 4 3 4.853657331436953
e 15 5 0.923897179980851
e 15 14 2.5864809765238728
e 70 80 3.7870849894052823
e 70 71 4.77816792552045
e 61 71 0.21956452519416358
e 61 62 2.0448517856626784
e 52 62 3.494318548932212
e 52 53 3.812951597466733
e 52 42 1.279160172363052
e 43 44 3.750502432049132
e 43 33 1.8818296833888453
e 34 24 0.1718155494475726
e 25 24 1.001862676226497
e 25 15 1.3003014174489769
e 5 4 4.9863835258181455
e 16 15 0.06378656260559001
e 80 90 2.338318591126707
e 80 81 1.8375915473093212
e 71 81 0.913958629752426
e 71 72 1.6487447804064503
e 62 72 2.8553125674197717
e 62 63 2.347473894664974
e 53 54 2.050025960785467
e 53 43 4.778601362158247
e 44 45 4.736792974382313
e 44 34 3.161926038139677
e 35 34 1.1602381609259442
e 35 25 3.680056246905628
e 26 25 0.7742368327534466
e 26 16 3.050546089772033
e 6 5 3.140362841262344
e 6 16 3.405104785773418
e 17 7 1.0237004315148361
e 17 16 2.9810715525725073
e 90 91 1.916214933910267
e 81 91 2.1174098581104177
e 81 82 1.0825401369109118
e 72 73 1.1794634679250904
e 63 64 3.4581268038359925
e 63 53 4.972545956426265
e 54 55 0.24256753092366912
e 54 44 3.6276814580508705
e 45 35 3.677180853082769
e 36 35 0.07808077650693968
e 36 26 1.511910534025274
e 27 26 3.081153603589935
e 27 17 3.5713856170274356
e 7 6 0.1891329140944381
e 18 8 3.8375632704082645
e 18 19 2.160070078026084
e 18 17 3.2797167542357473
e 91 92 2.5152311377420267
e 82 92 0.9693509912801779
e 82 83 3.9104541868774585
e 82 72 1.3487509191903087
e 73 83 3.3985833916490615
e 73 74 1.2533954655366542
e 73 63 1.3985718537221543
e 64 65 1.5601996076464157
e 64 54 3.5979183026961916
e 55 56 1.8278986160426058
e 55 45 2.5924615194184835
e 46 47 1.315194903370429
e 46 45 3.7836503496584264
e 46 36 4.317693085948113
e 37 38 2.9123739953735894
e 37 36 1.7977932433873811
e 37 27 3.2406981213778647
e 28 29 2.8035056856453444
e 28 27 3.933093038754995
e 28 18 0.8849510913726677
e 8 9 4.459619953971222
e 8 7 0.16108567402353335
e 19 9 1.0549006227403845
e 92 93 3.7600799907229847
e 83 93 3.1495325909184526
e 83 84 4.247095449001132
e 74 84 1.7764776709226437
e 74 75 3.866978687181879
e 74 64 3.05374446932509
e 65 66 0.6720360912059731
e 65 55 4.562860461978979
e 56 57 0.684939479152506
e 56 46 1.6985506711139131
e 47 37 2.5629837826856954
e 38 28 0.6885904307127594
e 29 19 1.9369413585431845
e 93 94 2.597388448610922
e 84 85 0.7520363303649952
e 75 76 4.419022714727097
e 75 65 3.2424761627238707
e 66 67 0.8285014543183722
e 66 56 1.2661998792899571
e 57 58 2.258322322684032
e 57 47 3.053578267016468
e 48 49 1.7896127483908537
e 48 47 2.16989164877784
e 48 38 4.119924582506692
e 39 38 1.5922550260202932
e 39 29 1.4487649186435392
e 94 95 1.5814605413107845
e 94 84 0.019099814377089852
e 85 86 0.6994099830234657
e 85 75 1.9811547732006844
e 76 77 4.9417087783939815
e 76 66 1.666330416320505
e 67 68 3.1842820171912845
e 67 57 2.376161294165416
e 58 59 2.63509102298154
e 58 48 1.4438217824223138
e 49 39 1.6680593714716947
e 95 96 4.236416383258803
e 95 85 2.8746258385438854
e 86 87 2.1959528070867447
e 86 76 1.7116245403033925
e 77 78 3.6486215974080594
e 77 67 1.7331011272315944
e 68 69 2.6062902343280543
e 68 58 0.8489695156281013
e 59 49 3.763075313290824
e 96 97 4.154003796261418
e 96 86 0.9985031357112928
e 87 77 0.6153235693137049
e 78 68 0.4554743323754523
e 69 59 1.411463354276647
e 97 87 2.385165305630475
e 88 87 2.448557069398607
e 88 78 1.7255308585368918
e 79 78 4.918970859718488
e 79 69 4.263961334873192
e 98 97 3.777935930281818
e 98 88 3.979331582020327
e 89 88 1.40030509664355
e 89 79 2.2177364198344285
e 99 98 2.4254709809445716
e 99 89 1.6229691916130258
