sem 0 10 68.50897227681743
e 0 10 0
e 10 20 0.27137787651932255
e 10 11 2.0264348668142746
e 20 30 3.702271732394557
e 20 21 1.2813452278437765
e 11 1 2.8322188977579046
e 11 12 2.9495135100823093
e 30 40 3.909267655986271
e 30 31 3.5792542870982924
e 21 31 4.803259138133239
e 21 22 4.863724940019669
e 21 11 2.4525054514998863
e 1 0 1.2161433462138311
e 12 2 2.947388681898394
e 40 50 0.9216979036102158
e 40 41 4.914817024801908
e 31 41 1.422524744237335
e 31 32 1.9928373351081845
e 22 23 3.489407197204453
e 22 12 0.8820423201016553
e 2 1 2.742523819356592
e 13 3 4.659640838444505
e 13 12 4.955595198333002
e 50 60 1.1643417273888974
e 50 51 2.5030923295757312
e 41 51 4.161308246270771
e 41 42 2.742472824919041
e 32 33 0.4901649409129616
e 32 22 4.321292045033499
e 23 24 0.753435836261333
e 23 13 2.4548966217467427
e 3 2 2.929654062416753
e 14 4 4.350250790881217
e 14 13 1.2263013492638686
e 60 70 2.087931424350053
e 60 61 0.1153680693398218
e 51 61 0.8840986183145028
e 51 52 3.0752589911708594
e 42 43 2.128983575589065
e 42 32 2.0810907103273286
e 33 34 0.696495417895176
e 33 23 2.8472071969584922
e 24 14 3.1889067216707807
e 4 3 0.0016938001038280248
e 15 5 2.5483504583349177
e 15 14 4.419882362919292
e 70 80 2.490589160937544
e 70 71 0.47927257469966456
e 61 71 4.957026608651148
e 61 62 4.2182236457803395
e 52 62 4.5032821728156325
e 52 53 4.687625324733812
e 52 42 3.6959241355004533
e 43 44 3.812542470892682
e 43 33 4.064962452823219
e 34 35 0.23399058523944416
e 34 24 4.573776455932037
e 25 24 2.808136970178545
e 25 15 2.0790413099201084
e 5 4 3.800531562835233
e 16 6 0.8089369287974696
e 16 15 0.4651420621761049
e 80 90 1.1531198779400265
e 71 81 0.39063302509893927
e 71 72 2.8148107266771176
e 62 63 0.33179103429540724
e 53 54 4.842635691062755
e 53 43 1.782249106298896
e 44 45 2.3135518747290633
e 44 34 4.171919284522321
e 35 36 2.3490738280356904
e 35 25 2.6931585068735755
e 26 25 2.0993005966567395
e 26 16 4.372242256920613
e 6 5 1.1643455867517172
e 17 7 3.8163864787200708
e 17 16 2.434982235065455
e 90 100 4.163456416376315
e 90 91 1.128005562630023
e 81 91 4.698474061069847
e 81 82 4.675798381752683
e 81 80 2.678505395605597
e 72 82 1.381917044482091
e 72 73 3.9863928758132894
e 72 62 4.736618591898697
e 63 73 2.4166170933642652
e 63 64 4.47561177279751
e 63 53 0.043725801411502174
e 54 55 3.853866744465498
e 54 44 1.1941747171095103
e 45 46 3.6702466161713634
e 45 35 4.996924163420507
e 36 26 1.4605925698828293
e 27 26 1.6206931221045755
e 27 17 4.423649660817218
e 7 6 0.9220462103831634
e 18 8 3.6940022741891054
e 18 17 0.7018001452728695
e 100 110 4.390317695693906
e 100 101 3.483207993281654
e 91 101 1.5942488265861838
e 91 92 0.06877111088668508
e 82 92 1.1631453238287526
e 82 83 3.9029053650356307
e 73 83 2.892408290188909
e 73 74 2.582276752409877
e 64 65 4.065946824448549
e 64 54 3.6140784659015814
e 55 56 2.922904141920907
e 55 45 0.7054684457855348
e 46 47 0.0042346686844141335
e 46 36 4.526230484467615
e 37 38 1.254363854988298
e 37 36 0.10809016471520716
e 37 27 3.9367800633969146
e 28 27 2.350919921580898
e 28 18 1.9248448760558463
e 8 7 2.314347916141426
e 19 9 1.264963734365141
e 19 18 4.426710207110533
e 110 120 0.19434786895386025
e 110 111 4.012529506115485
e 101 111 1.9869517873956954
e 101 102 3.7841709383207474
e 92 102 3.4784775452789676
e 92 93 0.9842187791074103
e 83 84 1.9706746615020103
e 74 75 3.258570403113042
e 74 64 1.328504072648811
e 65 66 3.4699438532590605
e 65 55 1.176856078776987
e 56 57 1.5146680039133453
e 56 46 0.9934890332742896
e 47 48 3.61744154844599
e 47 37 1.9223117907644582
e 38 28 0.7943864500788417
e 29 28 4.761211461883965
e 29 19 2.567381269281017
e 9 8 3.3724312395144205
e 120 130 3.4085233377037714
e 120 121 3.876904977708821
e 111 121 2.607291519299266
e 111 112 0.7493418153465431
e 102 112 2.817264056083322
e 102 103 3.800485378764264
e 93 103 4.132911304577565
e 93 94 3.6676843306036604
e 93 83 1.8787027015468665
e 84 85 2.6817330515849096
e 84 74 0.012958213532780483
e 75 76 3.8929489678012934
e 75 65 1.1159181980039952
e 66 67 2.854278061826949
e 66 56 2.9375035422865583
e 57 58 2.529246042700468
e 57 47 3.2535311968225074
e 48 49 4.5083575229107336
e 48 38 3.2474757765301203
e 39 38 2.6967743056141593
e 39 29 0.39603091135014035
e 130 140 3.1822685040089915
e 130 131 0.7126569766109048
e 121 131 1.5053658541320631
e 121 122 4.833167550179627
e 112 122 2.5526859046070505
e 112 113 3.533172705328333
e 103 113 0.1850253074132968
e 103 104 0.5111109290437138
e 94 95 1.8354254700089205
e 94 84 0.8333959118178985
e 85 86 0.5402670801127646
e 85 75 4.861945768772862
e 76 66 0.2177747331978508
e 67 68 1.2567182414047569
e 67 57 3.222250619404182
e 58 59 0.6056784294594453
e 58 48 0.8660501080653632
e 49 39 1.4244823188251647
e 140 150 1.7314720676972417
e 140 141 4.770050094291954
e 131 141 2.978989641583306
e 131 132 2.9535326082710274
e 122 132 1.7219050646077978
e 122 123 2.230140093595556
e 113 114 1.0008986399285664
e 104 114 2.552840391991441
e 104 105 2.956820023739933
e 104 94 4.256131399087058
e 95 96 4.318590838898956
e 95 85 0.7344171340745226
e 86 87 0.014059897361529128
e 86 76 2.6748153781219997
e 77 78 4.845754064763787
e 77 76 1.237374454256806
e 77 67 2.4963720576391504
e 68 69 4.765118153584689
e 68 58 4.274743974444874
e 59 49 1.1041505993207046
e 150 160 2.1876397915727805
e 150 151 2.261654797180225
e 141 151 4.073534275435926
e 141 142 2.6176480317221325
e 132 133 0.13232246060146446
e 123 124 1.071433802383891
e 123 113 0.8884183565645631
e 114 115 3.9822061648201608
e 105 115 4.440562234719184
e 105 106 3.63573986273616
e 105 95 3.780664949080288
e 96 97 2.348940624142294
e 96 86 0.5382020027608903
e 87 88 2.4056633688065765
e 87 77 0.0697473003831095
e 78 79 3.6386846446217276
e 78 68 0.8501649541353795
e 69 59 2.555105706684129
e 160 170 4.344464074222339
e 160 161 0.14226615102137463
e 151 152 0.6227409586827598
e 142 143 3.334746109030486
e 142 132 0.21148248993613394
e 133 143 2.2423511173884587
e 133 134 3.283515181113879
e 133 123 3.049939686107142
e 124 125 4.851034960107565
e 124 114 2.723868833010889
e 115 116 0.40218638019754394
e 106 107 4.55749804021835
e 106 96 0.8408714456336025
e 97 98 0.43825476658801266
e 97 87 0.21198456430601476
e 88 89 0.008550921602571981
e 88 78 3.876861175685527
e 79 69 2.3891829842073453
e 170 171 2.593151488313243
e 161 171 4.13964548914355
e 161 162 3.0376236427728824
e 161 151 3.035015908316241
e 152 153 3.3805437994332292
e 152 142 1.0911027569142102
e 143 144 3.203606182253842
e 134 135 2.0358123506960406
e 134 124 4.009106739606363
e 125 126 1.3634750805195344
e 125 115 1.7901013917374016
e 116 117 4.05260107551544
e 116 106 0.4127410284498073
e 107 108 4.263741679758693
e 107 97 3.4371558891738814
e 98 99 0.994004571593104
e 98 88 3.7622438729875944
e 89 79 2.2836539060964176
e 180 181 1.1926364406965022
e 180 170 1.9479182957166252
e 171 172 1.538580916632815
e 162 163 1.3640125427379857
e 162 152 1.803073288623972
e 153 154 3.0442432868817453
e 153 143 3.5783696578458257
e 144 145 4.098218682570301
e 144 134 2.325435913420149
e 135 136 0.3272244392254947
e 135 125 3.1234852936169837
e 126 116 0.2545788262325571
e 117 118 4.007770080860805
e 117 107 2.78786594371046
e 108 98 1.8318672892524712
e 99 89 2.1855337169178823
e 190 180 1.7105777391986399
e 181 182 2.090973328117674
e 181 171 4.399820986632162
e 172 173 3.8044621350478742
e 172 162 4.316994880233171
e 163 164 2.8976627057651654
e 163 153 3.357358108583292
e 154 155 1.9429970759728294
e 154 144 0.41689445604977227
e 145 146 4.441660644622426
e 145 135 2.0696428831174503
e 136 137 4.929035386414112
e 136 126 3.337036291823257
e 127 128 4.491332321636672
e 127 126 4.489812868843772
e 127 117 4.235589124673819
e 118 119 3.0550527053875336
e 118 108 4.546417133440565
e 109 108 2.1828753357031467
e 109 99 3.442433273366717
e 191 190 0.8216531491776807
e 191 181 3.713299450810071
e 182 183 4.69080362255961
e 182 172 1.7727241916932872
e 173 174 2.116570237316208
e 173 163 1.0958631447464107
e 164 154 2.1270002995420203
e 155 156 4.043820515728102
e 155 145 0.017775172133367434
e 146 147 3.1330803799800706
e 146 136 0.9196622439936536
e 137 138 4.735462470635108
e 137 127 1.1028675842338809
e 128 129 0.4544540193355606
e 128 118 0.9449981099031196
e 119 109 0.8471074106242904
e 192 191 2.560766694669583
e 192 182 3.7902227904020593
e 183 173 0.09454260437093631
e 174 175 1.8544941122074903
e 174 164 3.4265572614553035
e 165 164 2.0119370808852075
e 165 155 2.5354863828613823
e 156 146 0.4784871101308197
e 147 148 4.627456904351889
e 147 137 2.87178894393578
e 138 128 2.2099688098273083
e 129 119 1.812397067422199
e 193 192 0.014569563865590163
e 193 183 3.4284940355842397
e 184 183 4.1829819420978
e 184 174 2.3548856780071152
e 175 165 0.38675206898996395
e 166 165 3.2642134424390608
e 166 156 3.5092954685400786
e 157 156 2.9746143867471635
e 157 147 1.8220685293376504
e 148 138 4.776277090950026
e 139 138 0.6759855630235895
e 139 129 3.7576447074410027
e 194 193 3.232824161984788
e 194 184 2.752302294752766
e 185 184 4.933798848478149
e 185 175 3.243790896786693
e 176 175 2.859644352065388
e 176 166 2.0843722790113235
e 167 166 4.6726298399061985
e 167 157 3.791886321080556
e 158 159 1.8589263162634095
e 158 157 4.446337369010578
e 158 148 4.935133102444005
e 149 148 3.2009039785294267
e 149 139 4.600842218020528
e 195 194 1.5595403298304396
e 195 185 1.8863478840322316
e 186 185 0.13939935542363946
e 186 176 1.79827578553089
e 177 176 2.427098177604247
e 177 167 1.1981362570123466
e 168 167 2.8313477211866007
e 168 158 1.410186025686622
e 159 149 2.7596918994583715
e 196 195 4.465153471375508
e 196 186 3.045307613197447
e 187 186 3.4629800169794906
e 187 177 1.0843230507154837
e 178 177 4.162803095866866
e 178 168 3.946269490526721
e 169 168 3.8418800463382787
e 169 159 3.818212189321553
e 197 196 3.5297552919325623
e 197 187 3.3765134130649805
e 188 187 4.154937904470801
e 188 178 1.1980240804654896
e 179 178 2.9398630591926
e 179 169 1.4251978900230315
e 198 197 2.379380579659855
e 198 188 2.802083712073596
e 189 188 4.972166178405337
e 189 179 2.552118906185341
e 199 198 0.31939848889935063
e 199 189 1.4832828090477057
